{
 "cells": [
  {
   "attachments": {},
   "cell_type": "markdown",
   "id": "36ba2546",
   "metadata": {},
   "source": [
    "# constructing 2D/3D local box using GeoPoints.jl \n",
    "\n",
    "Nobuaki Fuji (IPGP/UPC/IUF) December 2025\n",
    "\n",
    "todo: normals computations for each point, SeisTomoPy \n"
   ]
  },
  {
   "cell_type": "markdown",
   "id": "5d7a85f7",
   "metadata": {},
   "source": [
    "you can also see how to use lazyProduceOrLoad, which is not safe solution but when debugging, it's cool! (but don't write a biiiig jdl2 neither!)"
   ]
  },
  {
   "cell_type": "code",
   "execution_count": 1,
   "id": "e5a8da10",
   "metadata": {},
   "outputs": [
    {
     "name": "stderr",
     "output_type": "stream",
     "text": [
      "\u001b[32m\u001b[1m  Activating\u001b[22m\u001b[39m project at `~/Documents/Github/flexOPT`\n"
     ]
    }
   ],
   "source": [
    "\n",
    "using Pkg\n",
    "\n",
    "cd(@__DIR__)\n",
    "Pkg.activate(\"../\")\n",
    "ParamFile = \"../config/testparam.csv\" # 1D Earth/Mars/Moon models are defined\n",
    "\n",
    "include(\"../src/commonBatchs.jl\")\n",
    "include(\"../src/planet1D.jl\")\n",
    "include(\"../src/GeoPoints.jl\")\n",
    "\n",
    "using .commonBatchs, .planet1D, .GeoPoints\n",
    "using Colors\n",
    "\n"
   ]
  },
  {
   "cell_type": "code",
   "execution_count": 25,
   "id": "5acc4428",
   "metadata": {},
   "outputs": [
    {
     "ename": "UndefVarError",
     "evalue": "UndefVarError: `set_default_planet!` not defined in `Main`\nHint: It looks like two or more modules export different bindings with this name, resulting in ambiguity. Try explicitly importing it from a particular module, or qualifying the name with the module it should come from.",
     "output_type": "error",
     "traceback": [
      "UndefVarError: `set_default_planet!` not defined in `Main`\n",
      "Hint: It looks like two or more modules export different bindings with this name, resulting in ambiguity. Try explicitly importing it from a particular module, or qualifying the name with the module it should come from.\n",
      "\n",
      "Stacktrace:\n",
      " [1] top-level scope\n",
      "   @ ~/Documents/Github/flexOPT/notebooks/jl_notebook_cell_df34fa98e69747e1a8f8a730347b8e2f_W3sZmlsZQ==.jl:1"
     ]
    }
   ],
   "source": [
    "set_default_planet!(:Earth) # if you wish to go to other telluric bodies, otherwise this is not necessary"
   ]
  },
  {
   "cell_type": "code",
   "execution_count": 26,
   "id": "11c224fb",
   "metadata": {},
   "outputs": [
    {
     "ename": "UndefVarError",
     "evalue": "UndefVarError: `GeoPoint` not defined in `Main`\nHint: It looks like two or more modules export different bindings with this name, resulting in ambiguity. Try explicitly importing it from a particular module, or qualifying the name with the module it should come from.",
     "output_type": "error",
     "traceback": [
      "UndefVarError: `GeoPoint` not defined in `Main`\n",
      "Hint: It looks like two or more modules export different bindings with this name, resulting in ambiguity. Try explicitly importing it from a particular module, or qualifying the name with the module it should come from.\n",
      "\n",
      "Stacktrace:\n",
      " [1] top-level scope\n",
      "   @ ~/Documents/Github/flexOPT/notebooks/jl_notebook_cell_df34fa98e69747e1a8f8a730347b8e2f_W4sZmlsZQ==.jl:2"
     ]
    }
   ],
   "source": [
    "# two (extreme) points that can define the slice (or the x-y local plane for 3D box)\n",
    "p1 = GeoPoint(48.8566,2.3522) # Paris (latitude, longitude)\n",
    "p2 = GeoPoint(42.8,1.5) # Tarascon (à peu près)\n",
    "\n",
    "\n",
    "Δx = 100.0 # in metre\n",
    "Δz = 100.0\n",
    "\n",
    "altMax = 10.e3 # in metre\n",
    "altMin = -100.e3 # in metre\n",
    "\n",
    "# altMax and altMin are measured from the middle point at p1 and p2 (but the planet's surface normally), the user can change the option hidden in constructLocalBox"
   ]
  },
  {
   "cell_type": "code",
   "execution_count": 27,
   "id": "6f336e9e",
   "metadata": {},
   "outputs": [
    {
     "name": "stdout",
     "output_type": "stream",
     "text": [
      "p1 = Main.GeoPoints.GeoPoint(35.4139, 138.2665, 0.0, [-3.8834449999654177e6, 3.464098448766532e6, 3.6753868072563126e6], 6.370996100568328e6)\n"
     ]
    },
    {
     "data": {
      "text/plain": [
       "Main.GeoPoints.GeoPoint(35.4139, 138.2665, 0.0, [-3.8834449999654177e6, 3.464098448766532e6, 3.6753868072563126e6], 6.370996100568328e6)"
      ]
     },
     "metadata": {},
     "output_type": "display_data"
    }
   ],
   "source": [
    "@show p1 # GeoPoint has some attributes"
   ]
  },
  {
   "cell_type": "code",
   "execution_count": 28,
   "id": "6dc9f582",
   "metadata": {},
   "outputs": [
    {
     "ename": "UndefVarError",
     "evalue": "UndefVarError: `constructLocalBox` not defined in `Main`\nHint: It looks like two or more modules export different bindings with this name, resulting in ambiguity. Try explicitly importing it from a particular module, or qualifying the name with the module it should come from.",
     "output_type": "error",
     "traceback": [
      "UndefVarError: `constructLocalBox` not defined in `Main`\n",
      "Hint: It looks like two or more modules export different bindings with this name, resulting in ambiguity. Try explicitly importing it from a particular module, or qualifying the name with the module it should come from.\n",
      "\n",
      "Stacktrace:\n",
      " [1] top-level scope\n",
      "   @ ~/Documents/Github/flexOPT/notebooks/jl_notebook_cell_df34fa98e69747e1a8f8a730347b8e2f_W6sZmlsZQ==.jl:3"
     ]
    }
   ],
   "source": [
    "# make a box/rectangle\n",
    "\n",
    "boxGrids=constructLocalBox(p1,p2,Δx,Δz,altMin,altMax)\n",
    "#allGridsInGeoPoints, allGridsInCartesian, effectiveRadii=lazyProduceOrLoad(\"boxGrids\",constructLocalBox,p1,p2,Δx,Δz,altMin,altMax) <- don't do this, it's too heavy\n"
   ]
  },
  {
   "cell_type": "code",
   "execution_count": 29,
   "id": "9445f248",
   "metadata": {},
   "outputs": [
    {
     "ename": "UndefVarError",
     "evalue": "UndefVarError: `boxGrids` not defined in `Main`\nSuggestion: add an appropriate import or assignment. This global was declared but not assigned.",
     "output_type": "error",
     "traceback": [
      "UndefVarError: `boxGrids` not defined in `Main`\n",
      "Suggestion: add an appropriate import or assignment. This global was declared but not assigned.\n",
      "\n",
      "Stacktrace:\n",
      " [1] top-level scope\n",
      "   @ ~/Documents/Github/flexOPT/notebooks/jl_notebook_cell_df34fa98e69747e1a8f8a730347b8e2f_X10sZmlsZQ==.jl:1"
     ]
    }
   ],
   "source": [
    "boxGrids.allGridsInGeoPoints[1,1,1]"
   ]
  },
  {
   "cell_type": "code",
   "execution_count": 30,
   "id": "51a006df",
   "metadata": {},
   "outputs": [
    {
     "ename": "UndefVarError",
     "evalue": "UndefVarError: `boxGrids` not defined in `Main`\nSuggestion: add an appropriate import or assignment. This global was declared but not assigned.",
     "output_type": "error",
     "traceback": [
      "UndefVarError: `boxGrids` not defined in `Main`\n",
      "Suggestion: add an appropriate import or assignment. This global was declared but not assigned.\n",
      "\n",
      "Stacktrace:\n",
      " [1] top-level scope\n",
      "   @ ~/Documents/Github/flexOPT/notebooks/jl_notebook_cell_df34fa98e69747e1a8f8a730347b8e2f_X11sZmlsZQ==.jl:1"
     ]
    }
   ],
   "source": [
    "boxGrids.allGridsInCartesian[20,30]"
   ]
  },
  {
   "cell_type": "code",
   "execution_count": 31,
   "id": "256cd8eb",
   "metadata": {},
   "outputs": [
    {
     "ename": "UndefVarError",
     "evalue": "UndefVarError: `lazyProduceOrLoad` not defined in `Main`\nHint: It looks like two or more modules export different bindings with this name, resulting in ambiguity. Try explicitly importing it from a particular module, or qualifying the name with the module it should come from.",
     "output_type": "error",
     "traceback": [
      "UndefVarError: `lazyProduceOrLoad` not defined in `Main`\n",
      "Hint: It looks like two or more modules export different bindings with this name, resulting in ambiguity. Try explicitly importing it from a particular module, or qualifying the name with the module it should come from.\n",
      "\n",
      "Stacktrace:\n",
      " [1] top-level scope\n",
      "   @ ~/Documents/Github/flexOPT/notebooks/jl_notebook_cell_df34fa98e69747e1a8f8a730347b8e2f_X12sZmlsZQ==.jl:2"
     ]
    }
   ],
   "source": [
    "#seismicModel=getParamsAndTopo(allGridsInGeoPoints,effectiveRadii,2.0) # this can be also GPUed\n",
    "seismicModel=lazyProduceOrLoad(\"seismicModel\",getParamsAndTopo,boxGrids.allGridsInGeoPoints,boxGrids.effectiveRadii,2.0)\n",
    "#seismicModel=lazyProduceOrLoad(\"seismicModel\") # this is the laziest way to load"
   ]
  },
  {
   "cell_type": "code",
   "execution_count": 32,
   "id": "ca47dca5",
   "metadata": {},
   "outputs": [
    {
     "ename": "UndefVarError",
     "evalue": "UndefVarError: `seismicModel` not defined in `Main`\nSuggestion: add an appropriate import or assignment. This global was declared but not assigned.",
     "output_type": "error",
     "traceback": [
      "UndefVarError: `seismicModel` not defined in `Main`\n",
      "Suggestion: add an appropriate import or assignment. This global was declared but not assigned.\n",
      "\n",
      "Stacktrace:\n",
      " [1] top-level scope\n",
      "   @ ~/Documents/Github/flexOPT/notebooks/jl_notebook_cell_df34fa98e69747e1a8f8a730347b8e2f_X13sZmlsZQ==.jl:1"
     ]
    }
   ],
   "source": [
    "Nx,Nz=size(seismicModel.ρ)"
   ]
  },
  {
   "cell_type": "code",
   "execution_count": 33,
   "id": "73f7b852",
   "metadata": {},
   "outputs": [
    {
     "ename": "UndefVarError",
     "evalue": "UndefVarError: `seismicModel` not defined in `Main`\nSuggestion: add an appropriate import or assignment. This global was declared but not assigned.",
     "output_type": "error",
     "traceback": [
      "UndefVarError: `seismicModel` not defined in `Main`\n",
      "Suggestion: add an appropriate import or assignment. This global was declared but not assigned.\n",
      "\n",
      "Stacktrace:\n",
      " [1] top-level scope\n",
      "   @ ~/Documents/Github/flexOPT/notebooks/jl_notebook_cell_df34fa98e69747e1a8f8a730347b8e2f_X14sZmlsZQ==.jl:1"
     ]
    }
   ],
   "source": [
    "maximum(seismicModel.ρ)"
   ]
  },
  {
   "cell_type": "code",
   "execution_count": 34,
   "id": "138cf808",
   "metadata": {},
   "outputs": [
    {
     "ename": "UndefVarError",
     "evalue": "UndefVarError: `boxGrids` not defined in `Main`\nSuggestion: add an appropriate import or assignment. This global was declared but not assigned.",
     "output_type": "error",
     "traceback": [
      "UndefVarError: `boxGrids` not defined in `Main`\n",
      "Suggestion: add an appropriate import or assignment. This global was declared but not assigned.\n",
      "\n",
      "Stacktrace:\n",
      " [1] top-level scope\n",
      "   @ ~/Documents/Github/flexOPT/notebooks/jl_notebook_cell_df34fa98e69747e1a8f8a730347b8e2f_X15sZmlsZQ==.jl:2"
     ]
    }
   ],
   "source": [
    "using CairoMakie\n",
    "xvals = [p.xz[1] for p in boxGrids.allGridsInCartesian[:,1]]*1.e-3\n",
    "zvals = [p.xz[2] for p in boxGrids.allGridsInCartesian[1,:]]*1.e-3\n",
    "fig, ax, hm = heatmap(\n",
    "    #topo.x,topo.y,topo.z';\n",
    "    #collect((0:1:(Nx-1)).*Δx).*1.e-3,(collect(0:1:(Nz-1)).*Δz.+altMin).*1.e-3, seismicModel.ρ;\n",
    "    xvals, zvals, seismicModel.ρ;\n",
    "    colormap = :seismic,\n",
    "    #colorrange=(0,4),\n",
    "    axis = (aspect = DataAspect(), xlabel = \"horizontal\", ylabel = \"depth from p1\", title = \"density model\")\n",
    ")\n",
    "Colorbar(fig[1,2], hm, label=\"density\")\n",
    "fig"
   ]
  },
  {
   "cell_type": "markdown",
   "id": "6ac06686",
   "metadata": {},
   "source": [
    "# if you want to put some 2D/3D perturbation into it (in percent or absolute value, as you wish)\n"
   ]
  },
  {
   "cell_type": "code",
   "execution_count": 35,
   "id": "9cd99787",
   "metadata": {},
   "outputs": [
    {
     "ename": "UndefVarError",
     "evalue": "UndefVarError: `read2DimageModel` not defined in `Main`\nHint: It looks like two or more modules export different bindings with this name, resulting in ambiguity. Try explicitly importing it from a particular module, or qualifying the name with the module it should come from.",
     "output_type": "error",
     "traceback": [
      "UndefVarError: `read2DimageModel` not defined in `Main`\n",
      "Hint: It looks like two or more modules export different bindings with this name, resulting in ambiguity. Try explicitly importing it from a particular module, or qualifying the name with the module it should come from.\n",
      "\n",
      "Stacktrace:\n",
      " [1] top-level scope\n",
      "   @ ~/Documents/Github/flexOPT/notebooks/jl_notebook_cell_df34fa98e69747e1a8f8a730347b8e2f_X20sZmlsZQ==.jl:2"
     ]
    }
   ],
   "source": [
    "imageFilePer=\"./myPerturbation.png\"\n",
    "modelPer= read2DimageModel(imageFilePer; Ncolor=256, colorbar = [RGB(1.0,0.0,0.0), RGB(1.0,1.0,1.0), RGB(0.0,0.0,1.0)] ,values = [-1.0,0.0,1.0],reverseOrNot=true,showRecoveredImage=false)\n",
    "seismicModel=lazyProduceOrLoad(\"seismicModel\")\n",
    "# here is the size of the region to be perturbed\n",
    "nx,nz=size(seismicModel.Vpv)\n",
    "nx1,nz1 = round(Int,nx*0.1),round(Int,nz*0.1)\n",
    "nx2,nz2 = round(Int,nx*0.9),round(Int,nz*0.9)\n",
    "VpvSub = seismicModel.Vpv[nx1:nx2,nz1:nz2]\n",
    "newPer = adjustArray(VpvSub,modelPer)\n",
    "@. VpvSub = (1.0+0.2*newPer)*VpvSub # a very exaggerated model\n",
    "seismicModel.Vpv[nx1:nx2,nz1:nz2]= VpvSub[1:end,1:end];"
   ]
  },
  {
   "cell_type": "code",
   "execution_count": 36,
   "id": "fe630f94",
   "metadata": {},
   "outputs": [
    {
     "ename": "UndefVarError",
     "evalue": "UndefVarError: `boxGrids` not defined in `Main`\nSuggestion: add an appropriate import or assignment. This global was declared but not assigned.",
     "output_type": "error",
     "traceback": [
      "UndefVarError: `boxGrids` not defined in `Main`\n",
      "Suggestion: add an appropriate import or assignment. This global was declared but not assigned.\n",
      "\n",
      "Stacktrace:\n",
      " [1] top-level scope\n",
      "   @ ~/Documents/Github/flexOPT/notebooks/jl_notebook_cell_df34fa98e69747e1a8f8a730347b8e2f_X21sZmlsZQ==.jl:2"
     ]
    }
   ],
   "source": [
    "using CairoMakie\n",
    "xvals = [p.xz[1] for p in boxGrids.allGridsInCartesian[:,1]]*1.e-3\n",
    "zvals = [p.xz[2] for p in boxGrids.allGridsInCartesian[1,:]]*1.e-3\n",
    "fig, ax, hm = heatmap(\n",
    "    #topo.x,topo.y,topo.z';\n",
    "    #collect((0:1:(Nx-1)).*Δx).*1.e-3,(collect(0:1:(Nz-1)).*Δz.+altMin).*1.e-3, seismicModel.ρ;\n",
    "    xvals, zvals, seismicModel.Vpv;\n",
    "    colormap = :seismic,\n",
    "    #colorrange=(0,4),\n",
    "    axis = (aspect = DataAspect(), xlabel = \"horizontal\", ylabel = \"depth from p1\", title = \"Vpv model\")\n",
    ")\n",
    "Colorbar(fig[1,2], hm, label=\"Vpv\")\n",
    "fig"
   ]
  },
  {
   "attachments": {},
   "cell_type": "markdown",
   "id": "6348885f",
   "metadata": {},
   "source": [
    "# 3D box ? yes"
   ]
  },
  {
   "cell_type": "code",
   "execution_count": 40,
   "id": "a15b5637",
   "metadata": {},
   "outputs": [
    {
     "data": {
      "text/plain": [
       "50000.0"
      ]
     },
     "metadata": {},
     "output_type": "display_data"
    }
   ],
   "source": [
    "p1 = GeoPoint(35.4139,138.2665) # \n",
    "p2 = GeoPoint(35.4172,139.2596) # \n",
    "\n",
    "\n",
    "\n",
    "Δx = 500.0 # in metre\n",
    "Δy = 500.0\n",
    "Δz = 500.0\n",
    "\n",
    "altMax = 10.e3 # in metre\n",
    "altMin = -300.e3 # in metre\n",
    "\n",
    "horizontalDepth = 50.e3\n",
    "\n",
    "# with theparameters below we can 'see' the topo \n",
    "#p1 = GeoPoint(35.538067,138.673722)\n",
    "#p2 = GeoPoint(35.255127,138.675729)\n",
    "\n",
    "#Δx = 100.0 # in metre\n",
    "#Δy = 100.0\n",
    "#Δz = 100.0\n",
    "\n",
    "#altMax = 5.e3 # in metre\n",
    "#altMin = -2.e3 # in metre\n",
    "\n",
    "#horizontalDepth = 20.e3"
   ]
  },
  {
   "cell_type": "code",
   "execution_count": 41,
   "id": "e09c2fee",
   "metadata": {},
   "outputs": [
    {
     "data": {
      "text/plain": [
       "(allGridsInGeoPoints = GeoPoint[GeoPoint(34.949740235547516, 138.2473228438806, -299791.8111941784, [-3.7211022824089294e6, 3.3215231568520544e6, 3.4615600250830906e6], 6.071368551233456e6) GeoPoint(34.95447001787269, 138.2472697027098, -299794.25542039017, [-3.7208840230019176e6, 3.321334535346357e6, 3.4619684179807263e6], 6.07136445417431e6) … GeoPoint(35.89088104087823, 138.23662526003227, -299465.05960081914, [-3.67766866041353e6, 3.283987477218262e6, 3.542830211712568e6], 6.071364462403614e6) GeoPoint(35.8956095268207, 138.23657087434225, -299459.29061520414, [-3.677450401006518e6, 3.2837988557125647e6, 3.5432386046102033e6], 6.07136855954588e6); GeoPoint(34.94978368849525, 138.25306592976114, -299795.48948076967, [-3.7214309864939675e6, 3.3211463931645094e6, 3.461561682860809e6], 6.071364857782577e6) GeoPoint(34.95451347618015, 138.2530131206535, -299797.933706664, [-3.7212127270869557e6, 3.320957771658812e6, 3.4619700757584446e6], 6.071360760720938e6) … GeoPoint(35.89092556589327, 138.24243519154987, -299468.73733284534, [-3.6779973644985682e6, 3.2836107135307174e6, 3.5428318694902863e6], 6.071360768950249e6) GeoPoint(35.89565405725042, 138.24238114569616, -299462.96834194934, [-3.677779105091556e6, 3.2834220920250197e6, 3.5432402623879216e6], 6.071364866095006e6); … ; GeoPoint(34.953191175387786, 139.27543296018592, -299795.7439479216, [-3.779940313630725e6, 3.254082456781526e6, 3.4618567672946583e6], 6.071363412562936e6) GeoPoint(34.95792115756014, 139.2754392802593, -299798.18803329905, [-3.7797220542237125e6, 3.253893835275829e6, 3.4622651601922936e6], 6.071359315500322e6) … GeoPoint(35.894372196115974, 139.27670522511443, -299468.96396716096, [-3.7365066916353256e6, 3.216546777147734e6, 3.5431269539241353e6], 6.071359323729634e6) GeoPoint(35.8991008864356, 139.27671169322403, -299463.1948371016, [-3.7362884322283133e6, 3.2163581556420363e6, 3.543535346821771e6], 6.071363420875367e6); GeoPoint(34.953186005713135, 139.2811765244338, -299792.0685210897, [-3.780269017715763e6, 3.2537056930939816e6, 3.4618584250723766e6], 6.071367089776279e6) GeoPoint(34.95791598471048, 139.28118317670925, -299794.51260520465, [-3.7800507583087506e6, 3.253517071588284e6, 3.462266817970012e6], 6.071362992716146e6) … GeoPoint(35.894366394078816, 139.28251566343053, -299465.28878219903, [-3.736835395720363e6, 3.216170013460189e6, 3.5431286117018536e6], 6.0713630009454535e6) GeoPoint(35.89909508121876, 139.28252247152332, -299459.5196558546, [-3.7366171363133513e6, 3.215981391954492e6, 3.5435370045994893e6], 6.071367098088705e6);;; GeoPoint(34.949763873521455, 138.2473650654451, -299291.83094981697, [-3.7214093922520317e6, 3.3217923613307243e6, 3.4618484908400425e6], 6.0718685204859525e6) GeoPoint(34.95449326543674, 138.24731193106652, -299294.27497425827, [-3.7211911328450195e6, 3.321603739825027e6, 3.462256883737678e6], 6.0718644237641655e6) … GeoPoint(35.89082700855209, 138.23666885905376, -298965.1063199272, [-3.677975770256632e6, 3.2842566816969323e6, 3.54311867746952e6], 6.071864431992793e6) GeoPoint(35.8955551044058, 138.23661448041872, -298959.33781036775, [-3.67775751084962e6, 3.2840680601912346e6, 3.5435270703671556e6], 6.071868528797693e6); GeoPoint(34.94980732091122, 138.25310768120102, -299295.50893421145, [-3.7217380963370693e6, 3.32141559764318e6, 3.4618501486177607e6], 6.071864827339199e6) GeoPoint(34.954536718185004, 138.25305487883128, -299297.9529583359, [-3.7215198369300575e6, 3.321226976137482e6, 3.4622585415153964e6], 6.071860730614921e6) … GeoPoint(35.890871527762805, 138.2424783094413, -298968.78374988044, [-3.67830447434167e6, 3.2838799180093873e6, 3.543120335247238e6], 6.071860738843554e6) GeoPoint(35.89559962902993, 138.24242427058624, -298963.0152350405, [-3.6780862149346583e6, 3.28369129650369e6, 3.543528728144874e6], 6.071864835650944e6); … ; GeoPoint(34.953214527354106, 139.27539100896013, -299295.76337976067, [-3.7802474234738266e6, 3.2543516612601965e6, 3.46214523305161e6], 6.07186338223856e6) GeoPoint(34.95794411908364, 139.27539732608977, -299298.2072633876, [-3.780029164066815e6, 3.2541630397544987e6, 3.462553625949246e6], 6.071859285513307e6) … GeoPoint(35.89431787111702, 139.27666268009727, -298969.01036717417, [-3.7368138014784274e6, 3.216815981626404e6, 3.5434154196810876e6], 6.071859293741942e6) GeoPoint(35.89904617131381, 139.2766691451819, -298963.2417131927, [-3.736595542071415e6, 3.2166273601207067e6, 3.543823812578723e6], 6.071863390550307e6); GeoPoint(34.95320936008709, 139.2811341030054, -299292.0882548813, [-3.7805761275588647e6, 3.2539748975726515e6, 3.4621468908293284e6], 6.071867059149114e6) GeoPoint(34.95793894864246, 139.28114075228274, -299294.5321372476, [-3.7803578681518524e6, 3.2537862760669542e6, 3.462555283726964e6], 6.071862962426342e6) … GeoPoint(35.89431207166176, 139.2824726371983, -298965.3354840907, [-3.7371425055634654e6, 3.216439217938859e6, 3.543417077458806e6], 6.071862970654972e6) GeoPoint(35.89904036867975, 139.2824794422098, -298959.5668338261, [-3.736924246156453e6, 3.2162505964331618e6, 3.543825470356441e6], 6.071867067460856e6);;; GeoPoint(34.94978750757858, 138.247407280097, -298791.8507022073, [-3.7217165020951335e6, 3.3220615658093947e6, 3.462136956596995e6], 6.072368489743512e6) GeoPoint(34.95451650914842, 138.24735415250916, -298794.2945249097, [-3.7214982426881213e6, 3.321872944303697e6, 3.46254534949463e6], 6.07236439335903e6) … GeoPoint(35.89077298512664, 138.23671245085407, -298465.1530313352, [-3.6782828800997343e6, 3.284525886175602e6, 3.5434071432264717e6], 6.072364401586981e6) GeoPoint(35.89550069095593, 138.2366580792724, -298459.3849977526, [-3.678064620692722e6, 3.284337264669905e6, 3.5438155361241074e6], 6.072368498054568e6); GeoPoint(34.94983094941159, 138.25314942580528, -298795.528384454, [-3.7220452061801716e6, 3.3216848021218497e6, 3.4621386143747126e6], 6.072364796900836e6) GeoPoint(34.95455995633871, 138.25309663017194, -298797.97220683994, [-3.7218269467731593e6, 3.3214961806161525e6, 3.4625470072723483e6], 6.072360700513862e6) … GeoPoint(35.890817498534325, 138.24252142019125, -298468.830159266, [-3.678611584184772e6, 3.2841491224880572e6, 3.54340880100419e6], 6.072360708741817e6) GeoPoint(35.89554520977578, 138.2424673883333, -298463.06212040473, [-3.67839332477776e6, 3.28396050098236e6, 3.5438171939018257e6], 6.072364805211896e6); … ; GeoPoint(34.953237875451016, 139.27534906460295, -298795.782808403, [-3.7805545333169284e6, 3.2546208657388664e6, 3.462433698808562e6], 6.072363351919179e6) GeoPoint(34.957967076802156, 139.27535537878973, -298798.22649031767, [-3.7803362739099166e6, 3.254432244233169e6, 3.4628420917061977e6], 6.072359255531231e6) … GeoPoint(35.89426355506778, 139.27662014212706, -298469.0567595368, [-3.737120911321529e6, 3.2170851861050744e6, 3.5437038854380394e6], 6.072359263759188e6) GeoPoint(35.8989914652061, 139.27662660418758, -298463.2885815576, [-3.7369026519145174e6, 3.2168965645993766e6, 3.544112278335675e6], 6.072363360230242e6); GeoPoint(34.953232710590875, 139.28109168852262, -298792.1079854279, [-3.7808832374019665e6, 3.2542441020513214e6, 3.4624353565862803e6], 6.0723670285269935e6) GeoPoint(34.95796190876875, 139.28109833480275, -298794.5516660783, [-3.7806649779949547e6, 3.254055480545624e6, 3.462843749483916e6], 6.072362932141526e6) … GeoPoint(35.89425775819363, 139.28242961809272, -298465.3821782845, [-3.737449615406567e6, 3.2167084224175294e6, 3.5437055432157577e6], 6.072362940369478e6) GeoPoint(35.89898566515403, 139.28243642002386, -298459.6140040224, [-3.737231355999555e6, 3.2165198009118317e6, 3.5441139361133934e6], 6.072367036838051e6);;; … ;;; GeoPoint(34.96363800691184, 138.27216113249787, 9196.569681522105, [-3.9108961654459317e6, 3.4878915246701688e6, 3.6398318628793987e6], 6.380350468022725e6) GeoPoint(34.968138208092, 138.2721119180425, 9194.244106619555, [-3.91067790603892e6, 3.4877029031644715e6, 3.6402402557770344e6], 6.380346569372426e6) … GeoPoint(35.85910407411142, 138.26225953929446, 9507.465055637344, [-3.8674625434505325e6, 3.4503558450363767e6, 3.721102049508876e6], 6.3803465772032095e6) GeoPoint(35.86360315873147, 138.2622092287064, 9512.95409014746, [-3.8672442840435207e6, 3.450167223530679e6, 3.721510442406512e6], 6.380350475932603e6); GeoPoint(34.963678246836636, 138.27762764904125, 9193.069142388338, [-3.9112248695309698e6, 3.4875147609826243e6, 3.639833520657117e6], 6.380346953435089e6) GeoPoint(34.96817845268487, 138.27757873544004, 9190.743567794663, [-3.911006610123958e6, 3.4873261394769265e6, 3.6402419135547527e6], 6.380343054782642e6) … GeoPoint(35.859145247590355, 138.26778658525916, 9503.965001229777, [-3.8677912475355705e6, 3.4499790813488318e6, 3.7211037072865944e6], 6.380343062613431e6) GeoPoint(35.8636443369247, 138.26773658222328, 9509.454040325727, [-3.8675729881285583e6, 3.4497904598431345e6, 3.72151210018423e6], 6.380346961344971e6); … ; GeoPoint(34.96692079202102, 139.25075375867348, 9192.82736239478, [-3.969734196667727e6, 3.420450824599641e6, 3.6401286050909664e6], 6.380345578203349e6) GeoPoint(34.971421174142534, 139.2507584156475, 9190.501915018485, [-3.969515937260715e6, 3.420262203093943e6, 3.640536997988602e6], 6.380341679550062e6) … GeoPoint(35.86242325115295, 139.25169070991012, 9503.74842541586, [-3.926300574672328e6, 3.3829151449658484e6, 3.721398791720444e6], 6.380341687380852e6) GeoPoint(35.86692252062125, 139.2516954706241, 9509.237590565112, [-3.9260823152653156e6, 3.382726523460151e6, 3.721807184618079e6], 6.380345586113232e6); GeoPoint(34.96691698251848, 139.25622070880658, 9196.32518440219, [-3.970062900752765e6, 3.420074060912096e6, 3.6401302628686847e6], 6.380349077339708e6) GeoPoint(34.971417361952085, 139.25622566675472, 9193.999738147413, [-3.969844641345753e6, 3.4198854394063987e6, 3.6405386557663204e6], 6.380345178688558e6) … GeoPoint(35.8624189064165, 139.25721821395598, 9507.246045863278, [-3.926629278757366e6, 3.3825383812783035e6, 3.721400449498162e6], 6.380345186519344e6) GeoPoint(35.86691817319404, 139.2572232823485, 9512.735207843734, [-3.9264110193503536e6, 3.382349759772606e6, 3.7218088423957974e6], 6.380349085249586e6);;; GeoPoint(34.96365939799864, 138.2721993852459, 9696.55179157637, [-3.911203275289034e6, 3.488160729148839e6, 3.640120328636351e6], 6.380850440181108e6) GeoPoint(34.968159245747735, 138.2721501767312, 9694.226399333797, [-3.9109850158820217e6, 3.4879721076431414e6, 3.6405287215339863e6], 6.380846541836288e6) … GeoPoint(35.85905514984687, 138.26229899577217, 10007.422755201556, [-3.8677696532936343e6, 3.4506250495150466e6, 3.721390515265828e6], 6.380846549666458e6) GeoPoint(35.86355388129902, 138.26224869134393, 10012.911358728586, [-3.8675513938866225e6, 3.4504364280093494e6, 3.7217989081634637e6], 6.380850448090366e6); GeoPoint(34.96369963306265, 138.27766547584903, 9693.051526141726, [-3.911531979374072e6, 3.487783965461294e6, 3.640121986414069e6], 6.380846925868859e6) GeoPoint(34.968199485478806, 138.27761656814167, 9690.726134205557, [-3.91131371996706e6, 3.487595343955597e6, 3.6405303793117045e6], 6.3808430275218915e6) … GeoPoint(35.85909631826149, 138.26782560631335, 10003.922974387928, [-3.8680983573786723e6, 3.4502482858275017e6, 3.7213921730435463e6], 6.380843035352065e6) GeoPoint(35.8635950544269, 138.2677756093889, 10009.411582500248, [-3.8678800979716606e6, 3.4500596643218044e6, 3.721800565941182e6], 6.38084693377812e6); … ; GeoPoint(34.966941924290516, 139.25071575100992, 9692.809765652564, [-3.970041306510829e6, 3.420720029078311e6, 3.6404170708479183e6], 6.380845550744874e6) GeoPoint(34.971441952952574, 139.2507204055287, 9690.48450091444, [-3.969823047103817e6, 3.4205314075726136e6, 3.640825463745554e6], 6.380841652397068e6) … GeoPoint(35.86237406233329, 139.25165220746518, 10003.706414132355, [-3.9266076845154297e6, 3.3831843494445183e6, 3.7216872574773957e6], 6.380841660227244e6) GeoPoint(35.86687297860438, 139.251656965661, 10009.195148280582, [-3.9263894251084174e6, 3.382995727938821e6, 3.7220956503750314e6], 6.380845558654139e6); GeoPoint(34.96693811679591, 139.25618227513553, 9696.307314181186, [-3.970370010595867e6, 3.420343265390766e6, 3.6404187286256365e6], 6.380849049607057e6) GeoPoint(34.97143814277079, 139.25618723058147, 9693.982050564571, [-3.970151751188855e6, 3.4201546438850686e6, 3.6408271215232722e6], 6.380845151261388e6) … GeoPoint(35.8623697197462, 139.25717927601454, 10007.203761160925, [-3.9269363886004677e6, 3.382807585756974e6, 3.721688915255114e6], 6.38084515909156e6) GeoPoint(35.866868633327236, 139.25718434184046, 10012.692492139118, [-3.9267181291934554e6, 3.382618964251276e6, 3.7220973081527497e6], 6.380849057516317e6);;; GeoPoint(34.96368078571352, 138.27223763203267, 10196.533904430778, [-3.911510385132136e6, 3.488429933627509e6, 3.640408794393303e6], 6.381350412343854e6) GeoPoint(34.96818028008708, 138.27218842945746, 10194.208694819565, [-3.9112921257251236e6, 3.488241312121812e6, 3.6408171872909386e6], 6.381346514304466e6) … GeoPoint(35.85900623325136, 138.2623384460329, 10507.380461399394, [-3.8680767631367366e6, 3.4508942539937166e6, 3.72167898102278e6], 6.381346522134022e6) GeoPoint(35.86350461159101, 138.2622881477632, 10512.868634012426, [-3.8678585037297243e6, 3.4507056324880193e6, 3.7220873739204155e6], 6.381350420252492e6); GeoPoint(34.9637210159178, 138.27770329676193, 10193.033912651006, [-3.911839089217174e6, 3.488053169939964e6, 3.640410452171021e6], 6.381346898306948e6) GeoPoint(34.96822051495739, 138.27765439494718, 10190.708703346545, [-3.9116208298101616e6, 3.487864548434267e6, 3.6408188450686564e6], 6.381343000265412e6) … GeoPoint(35.85904739660273, 138.26786462121927, 10503.880954138094, [-3.8684054672217746e6, 3.450517490306172e6, 3.721680638800498e6], 6.381343008094974e6) GeoPoint(35.86354577965463, 138.26781463040487, 10509.369131333751, [-3.8681872078147624e6, 3.4503288688004743e6, 3.722089031698134e6], 6.3813469062155895e6); … ; GeoPoint(34.966963053228895, 139.25067774926964, 10192.792171663528, [-3.970348416353931e6, 3.4209892335569807e6, 3.64070553660487e6], 6.381345523290704e6) GeoPoint(34.97146272848705, 139.25068240133393, 10190.467089534937, [-3.970130156946919e6, 3.4208006120512835e6, 3.641113929502506e6], 6.381341625248329e6) … GeoPoint(35.86232488122481, 139.25161371108706, 10503.664409437579, [-3.9269147943585315e6, 3.3834535539231887e6, 3.7219757232343475e6], 6.381341633077891e6) GeoPoint(35.86682344435413, 139.2516184667655, 10509.152712648915, [-3.9266965349515197e6, 3.383264932417491e6, 3.722384116131983e6], 6.381345531199348e6); GeoPoint(34.966959247741656, 139.25614384745413, 10196.28944675802, [-3.9706771204389688e6, 3.420612469869436e6, 3.6407071943825884e6], 6.381349021878754e6) GeoPoint(34.97145892031333, 139.25614880039868, 10193.964365750224, [-3.970458861031957e6, 3.4204238483637385e6, 3.641115587280224e6], 6.381345123838516e6) … GeoPoint(35.86232054078644, 139.25714034420852, 10507.16148308858, [-3.9272434984435695e6, 3.3830767902356437e6, 3.721977381012066e6], 6.381345131668074e6) GeoPoint(35.86681910122641, 139.25714540746856, 10512.649783133578, [-3.9270252390365573e6, 3.3828881687299465e6, 3.7223857739097015e6], 6.381349029787393e6)], allGridsInCartesian = localCoord3D[localCoord3D(Integer[1, 1, 1], [-45098.59142724588, -50000.0, -300000.0], [0.9999724095888143, -0.0, 0.007428328287094365], [-6.117445552964335e-5, 0.9999660894045324, 0.0082350651905813], [-0.007428076388058819, -0.008235292405685008, 0.9999384999289537]) localCoord3D(Integer[1, 2, 1], [-45098.59142724588, -49500.0, -300000.0], [0.9999724095888141, -0.0, 0.007428328287094396], [-6.056274566834058e-5, 0.9999667641985169, 0.00815271920904476], [-0.007428081400650095, -0.008152944152126291, 0.9999391747043205]) … localCoord3D(Integer[1, 200, 1], [-45098.59142724588, 49500.0, -300000.0], [0.9999724095888141, -0.0, 0.0074283282870943705], [6.056398053540892e-5, 0.9999667628431328, -0.008152885442004631], [-0.00742808139058183, 0.008153110389672725, 0.9999391733489736]) localCoord3D(Integer[1, 201, 1], [-45098.59142724588, 50000.0, -300000.0], [0.9999724095888141, -0.0, 0.007428328287094316], [6.117569039421164e-5, 0.9999660880354599, -0.00823523142320465], [-0.007428076377888853, 0.00823545864289491, 0.9999384985599191]); localCoord3D(Integer[2, 1, 1], [-44598.59142724588, -50000.0, -300000.0], [0.9999730179527591, -0.0, 0.007345976208183181], [-6.049629888185776e-5, 0.9999660893632732, 0.008235075210354522], [-0.007345727101452581, -0.00823529741553843, 0.9999391082310105]) localCoord3D(Integer[2, 2, 1], [-44598.59142724588, -49500.0, -300000.0], [0.9999730179527591, -0.0, 0.00734597620818317], [-5.98913702024767e-5, 0.9999667641580788, 0.008152729128632543], [-0.007345732058479159, -0.008152949111890635, 0.999939783007609]) … localCoord3D(Integer[2, 200, 1], [-44598.59142724588, 49500.0, -300000.0], [0.9999730179527591, -0.0, 0.007345976208183147], [5.98925913802814e-5, 0.9999667628026929, -0.00815289536179481], [-0.007345732048522502, 0.008153115349538331, 0.9999397816522595]) localCoord3D(Integer[2, 201, 1], [-44598.59142724588, 50000.0, -300000.0], [0.999973017952759, -0.0, 0.007345976208183172], [6.0497520057189363e-5, 0.9999660879941993, -0.00823524144318012], [-0.0073457270913953885, 0.008235463652849453, 0.9999391068619736]); … ; localCoord3D(Integer[180, 1, 1], [44401.40857275412, -50000.0, -300000.0], [0.9999732560012117, 0.0, -0.0073135000058445285], [6.022886203346979e-5, 0.9999660893471288, 0.008235079131021589], [0.0073132520002845555, -0.008235299375858119, 0.9999393462552467]) localCoord3D(Integer[180, 2, 1], [44401.40857275412, -49500.0, -300000.0], [0.9999732560012116, 0.0, -0.007313500005844504], [5.962660757092041e-5, 0.9999667641422558, 0.008152733010097914], [0.0073132569353986975, -0.008152951052610987, 0.999940021032327]) … localCoord3D(Integer[180, 200, 1], [44401.40857275412, 49500.0, -300000.0], [0.9999732560012115, 0.0, -0.007313500005844459], [-5.962782335024515e-5, 0.9999667627868691, -0.008152899243339088], [0.007313256925486033, 0.008153117290298023, 0.9999400196769767]) localCoord3D(Integer[180, 201, 1], [44401.40857275412, 50000.0, -300000.0], [0.9999732560012116, 0.0, -0.007313500005844444], [-6.023007781033407e-5, 0.9999660879780542, -0.00823524536392639], [0.007313251990271746, 0.008235465613208773, 0.999939344886209]); localCoord3D(Integer[181, 1, 1], [44901.40857275412, -50000.0, -300000.0], [0.9999726503115302, 0.0, -0.007395852143898976], [6.090701965532968e-5, 0.9999660893882065, 0.008235069155291163], [0.00739560134602804, -0.008235294388027134, 0.9999387406271811]) localCoord3D(Integer[181, 2, 1], [44901.40857275412, -49500.0, -300000.0], [0.99997265031153, 0.0, -0.007395852143899032], [6.0297984001118206e-5, 0.9999667641825161, 0.008152723134112397], [0.007395606336707039, -0.008152946114648745, 0.9999394154030353]) … localCoord3D(Integer[181, 200, 1], [44901.40857275412, 49500.0, -300000.0], [0.9999726503115299, 0.0, -0.007395852143898979], [-6.029921346972834e-5, 0.9999667628271313, -0.008152889367152357], [0.007395606326682761, 0.00815311235223525, 0.9999394140476875]) localCoord3D(Integer[181, 201, 1], [44901.40857275412, 50000.0, -300000.0], [0.99997265031153, 0.0, -0.0073958521438989245], [-6.090824912145097e-5, 0.9999660880191336, -0.008235235387994613], [0.00739560133590253, 0.00823546062527712, 0.9999387392581457]);;; localCoord3D(Integer[1, 1, 2], [-45098.59142724588, -50000.0, -299500.0], [0.9999724141326922, -0.0, 0.00742771658287285], [-6.11643811597912e-5, 0.9999660949889234, 0.008234387136999834], [-0.007427464746059832, -0.008234614295977133, 0.9999385100569146]) localCoord3D(Integer[1, 2, 2], [-45098.59142724588, -49500.0, -299500.0], [0.9999724141326922, -0.0, 0.0074277165828728845], [-6.055277202974466e-5, 0.9999667696717888, 0.008152047934708681], [-0.007427469757412975, -0.008152272822225012, 0.9999391847211684]) … localCoord3D(Integer[1, 200, 2], [-45098.59142724588, 49500.0, -299500.0], [0.9999724141326923, -0.0, 0.007427716582872927], [6.055400669346605e-5, 0.9999667683166276, -0.008152214153983208], [-0.007427469747347265, 0.008152439046084968, 0.9999391833660447]) localCoord3D(Integer[1, 201, 2], [-45098.59142724588, 50000.0, -299500.0], [0.9999724141326922, -0.0, 0.007427716582872863], [6.116561582101379e-5, 0.9999660936200767, -0.008234553355937984], [-0.007427464735892439, 0.008234780519500702, 0.9999385086881055]); localCoord3D(Integer[2, 1, 2], [-44598.59142724588, -50000.0, -299500.0], [0.9999730223964493, -0.0, 0.007345371284713108], [-6.048633618050273e-5, 0.9999660949476781, 0.008234397154298157], [-0.007345122239515376, -0.008234619304593148, 0.9999391182588044]) localCoord3D(Integer[2, 2, 2], [-44598.59142724588, -49500.0, -299500.0], [0.9999730223964493, -0.0, 0.007345371284713037], [-5.988150711583076e-5, 0.9999667696313641, 0.00815205785184637], [-0.007345127195317479, -0.008152277780764374, 0.9999397929242891]) … localCoord3D(Integer[2, 200, 2], [-44598.59142724588, 49500.0, -299500.0], [0.9999730223964494, -0.0, 0.007345371284713043], [5.9882728092540963e-5, 0.9999667682762013, -0.008152224071323072], [-0.007345127185363309, 0.008152444004725399, 0.9999397915691627]) localCoord3D(Integer[2, 201, 2], [-44598.59142724588, 50000.0, -299500.0], [0.9999730223964494, -0.0, 0.007345371284713082], [6.048755715474117e-5, 0.9999660935788296, -0.008234563373438399], [-0.007345122229460649, 0.008234785528217704, 0.9999391168899928]); … ; localCoord3D(Integer[180, 1, 2], [44401.40857275412, -50000.0, -299500.0], [0.9999732604056991, 0.0, -0.00731289775642478], [6.021894336964866e-5, 0.999966094931539, 0.0082344010739969], [0.0073126498121257, -0.008234621264428732, 0.9999393562438459]) localCoord3D(Integer[180, 2, 2], [44401.40857275412, -49500.0, -299500.0], [0.999973260405699, 0.0, -0.007312897756424919], [5.961678808148728e-5, 0.9999667696155462, 0.00815206173235283], [0.007312654746021001, -0.008152279721005197, 0.9999400309098121]) … localCoord3D(Integer[180, 200, 2], [44401.40857275412, 49500.0, -299500.0], [0.9999732604056991, 0.0, -0.0073128977564248555], [-5.961800366060797e-5, 0.9999667682603828, -0.00815222795190869], [0.007312654736110764, 0.008152445945005818, 0.9999400295546849]) localCoord3D(Integer[180, 201, 2], [44401.40857275412, 50000.0, -299500.0], [0.9999732604056991, 0.0, -0.007312897756424769], [-6.02201589463087e-5, 0.9999660935626898, -0.008234567293216229], [0.007312649802115434, 0.008234787488092815, 0.9999393548750333]); localCoord3D(Integer[181, 1, 2], [44901.40857275412, -50000.0, -299500.0], [0.9999726548157649, 0.0, -0.0073952431137133704], [6.089698932269203e-5, 0.999966094972603, 0.008234391100730466], [0.007394992377792992, -0.008234616277829686, 0.9999387507155071]) localCoord3D(Integer[181, 2, 2], [44901.40857275412, -49500.0, -299500.0], [0.999972654815765, 0.0, -0.007395243113713393], [6.028805395941864e-5, 0.9999667696557931, 0.008152051858806868], [0.00739499736723923, -0.008152274784262777, 0.9999394253802479]) … localCoord3D(Integer[181, 200, 2], [44901.40857275412, 49500.0, -299500.0], [0.9999726548157649, 0.0, -0.007395243113713344], [-6.02892832255699e-5, 0.9999667683006315, -0.008152218078161423], [0.007394997357217432, 0.008152441008162755, 0.9999394240251233]) localCoord3D(Integer[181, 201, 2], [44901.40857275412, 50000.0, -299500.0], [0.999972654815765, 0.0, -0.007395243113713379], [-6.089821858635562e-5, 0.9999660936037555, -0.00823455731974858], [0.007394992367670041, 0.008234782501