{
 "cells": [
  {
   "cell_type": "markdown",
   "id": "04695e49",
   "metadata": {},
   "source": [
    "# need to make threads to be 8 .."
   ]
  },
  {
   "cell_type": "code",
   "execution_count": 1,
   "id": "1455ee09",
   "metadata": {},
   "outputs": [
    {
     "data": {
      "text/plain": [
       "1"
      ]
     },
     "metadata": {},
     "output_type": "display_data"
    }
   ],
   "source": [
    "using Base\n",
    "ENV[\"JULIA_NUM_THREADS\"] = \"auto\"\n",
    "Threads.nthreads()"
   ]
  },
  {
   "cell_type": "code",
   "execution_count": null,
   "id": "01acd109",
   "metadata": {},
   "outputs": [],
   "source": [
    "# Locate flexOPT securely without relying on @__DIR__ (unreliable in IJulia).\n",
    "# If this notebook is outside the repository, set ENV[\"FLEXOPT_ROOT\"] first.\n",
    "import Pkg\n",
    "\n",
    "function find_flexopt_root(start_dir=pwd())\n",
    "    candidates = String[]\n",
    "    if haskey(ENV, \"FLEXOPT_ROOT\")\n",
    "        push!(candidates, abspath(expanduser(ENV[\"FLEXOPT_ROOT\"])))\n",
    "    end\n",
    "    directory = abspath(start_dir)\n",
    "    while true\n",
    "        push!(candidates, directory)\n",
    "        parent = dirname(directory)\n",
    "        parent == directory && break\n",
    "        directory = parent\n",
    "    end\n",
    "    for candidate in unique(candidates)\n",
    "        project_file = joinpath(candidate, \"Project.toml\")\n",
    "        source_dir = joinpath(candidate, \"src\")\n",
    "        if isfile(project_file) && isfile(joinpath(source_dir, \"commonBatchs.jl\"))\n",
    "            return candidate\n",
    "        end\n",
    "    end\n",
    "    error(\"Cannot locate flexOPT. Start Jupyter inside the repository or set ENV[\\\"FLEXOPT_ROOT\\\"] to its absolute path.\")\n",
    "end\n",
    "\n",
    "flexopt_root = find_flexopt_root()\n",
    "Pkg.activate(flexopt_root)\n",
    "@show VERSION Threads.nthreads() Base.active_project()\n",
    "\\n#Pkg.develop(path=\"/Users/nobuaki/Documents/Github/sonifSismo.jl\")\n",
    "#Pkg.instantiate()\\n"
   ]
  },
  {
   "cell_type": "code",
   "execution_count": null,
   "id": "36228e8b",
   "metadata": {},
   "outputs": [],
   "source": [
    "\n",
    "\n",
    "\n",
    "include(joinpath(flexopt_root, \"src\", \"commonBatchs.jl\"))\n",
    "include(joinpath(flexopt_root, \"src\", \"planet1D.jl\"))\n",
    "planet1D.configure_input!()\n",
    "include(joinpath(flexopt_root, \"src\", \"GeoPoints.jl\"))\n",
    "\n",
    "using .commonBatchs, .planet1D, .GeoPoints\n",
    "using Colors\n",
    "\n"
   ]
  },
  {
   "cell_type": "code",
   "execution_count": 4,
   "id": "1e422aca",
   "metadata": {},
   "outputs": [],
   "source": [
    "using Statistics"
   ]
  },
  {
   "cell_type": "code",
   "execution_count": 5,
   "id": "148e74aa",
   "metadata": {},
   "outputs": [
    {
     "data": {
      "text/plain": [
       "MakieCore.Automatic()"
      ]
     },
     "metadata": {},
     "output_type": "display_data"
    }
   ],
   "source": [
    "using GLMakie\n",
    "GLMakie.activate!()\n",
    "Makie.inline!()"
   ]
  },
  {
   "cell_type": "code",
   "execution_count": 6,
   "id": "9224bbd0",
   "metadata": {},
   "outputs": [
    {
     "data": {
      "text/plain": [
       "GeoPoint(35.363602, 138.726379, 0.0, [-3.9135527429451863e6, 3.4349489523064685e6, 3.670837394580353e6], 6.3710137775878785e6)"
      ]
     },
     "metadata": {},
     "output_type": "display_data"
    }
   ],
   "source": [
    "p0 = GeoPoint(35.363602,138.726379) # summit of Mt Fuji\n"
   ]
  },
  {
   "cell_type": "code",
   "execution_count": 7,
   "id": "b5f54c11",
   "metadata": {},
   "outputs": [
    {
     "data": {
      "text/plain": [
       "20000.0"
      ]
     },
     "metadata": {},
     "output_type": "display_data"
    }
   ],
   "source": [
    "\n",
    "\n",
    "Δx = 300.0 # in metre\n",
    "Δy = 300.0\n",
    "Δz = 10.0\n",
    "\n",
    "altMax = 4.e3 # in metre\n",
    "altMin = -10.e0 # in metre\n",
    "\n",
    "horizontalDepth = 20.e3 "
   ]
  },
  {
   "cell_type": "code",
   "execution_count": 8,
   "id": "a76e0b12",
   "metadata": {},
   "outputs": [
    {
     "data": {
      "text/plain": [
       "(allGridsInGeoPoints = GeoPoint[GeoPoint(35.18312504112868, 138.50681243687004, -10.55236314804985, [-3.9090153261017334e6, 3.4575761247319216e6, 3.6544843209726927e6], 6.371066561436138e6) GeoPoint(35.18582910669274, 138.50680499787939, -10.539160646301125, [-3.908885405060186e6, 3.4574621124070697e6, 3.6547295182662033e6], 6.371065626746377e6) … GeoPoint(35.54004655592156, 138.50582621082117, 113.60105647710668, [-3.891865748617484e6, 3.4425264978514644e6, 3.6868503637161413e6], 6.37106531893256e6) GeoPoint(35.54275035499471, 138.5058187063534, 115.48308736619421, [-3.8917358275759364e6, 3.4424124855266125e6, 3.687095561009652e6], 6.371066248922919e6); GeoPoint(35.18313110365623, 138.5101060697825, -11.484937302531877, [-3.9092132162547223e6, 3.457350648597494e6, 3.654484333356612e6], 6.371065626741497e6) GeoPoint(35.185835169815086, 138.51009873988366, -11.47173465502355, [-3.909083295213175e6, 3.457236636272642e6, 3.654729530650123e6], 6.371064692051599e6) … GeoPoint(35.54005269706817, 138.5091343066062, 112.66851927322209, [-3.8920636387704727e6, 3.4423010217170366e6, 3.686850376100061e6], 6.371064384237736e6) GeoPoint(35.54275649673772, 138.50912691219045, 114.55055057829843, [-3.8919337177289254e6, 3.4421870093921847e6, 3.6870955733935717e6], 6.371065314228232e6); … ; GeoPoint(35.18315091070119, 138.9415762792623, -11.786448816191593, [-3.935136826296301e6, 3.427813274987433e6, 3.6544859556500716e6], 6.37106531828838e6) GeoPoint(35.18585497763549, 138.9415832408244, -11.773245699444693, [-3.935006905254754e6, 3.427699262662581e6, 3.6547311529435827e6], 6.371064383598437e6) … GeoPoint(35.540072606837796, 138.94249921011027, 112.3670748669715, [-3.917987248812052e6, 3.412763648106976e6, 3.6868519983935202e6], 6.371064075784559e6) GeoPoint(35.54277640728837, 138.94250623294732, 114.24910672471529, [-3.9178573277705046e6, 3.412649635782124e6, 3.6870971956870314e6], 6.371065005775101e6); GeoPoint(35.18314515056633, 138.9448699140986, -10.85847784689904, [-3.9353347164492905e6, 3.427587798853005e6, 3.6544859680339913e6], 6.371066248273859e6) GeoPoint(35.18584921691767, 138.94487698475282, -10.845274870983621, [-3.935204795407743e6, 3.427473786528153e6, 3.654731165327502e6], 6.371065313584052e6) … GeoPoint(35.54006676965213, 138.94580730785756, 113.2950099096838, [-3.918185138965041e6, 3.412538171972548e6, 3.68685201077744e6], 6.3710650057702195e6) GeoPoint(35.542770569518225, 138.94581444074691, 115.17704135790943, [-3.9180552179234936e6, 3.412424159647696e6, 3.687097208070951e6], 6.371065935760625e6);;; GeoPoint(35.18312503992656, 138.50681278073938, -0.5524122001237914, [-3.9090214688490657e6, 3.4575815162584614e6, 3.654490082751652e6], 6.371076561337593e6) GeoPoint(35.18582910123671, 138.50680534177172, -0.5392097189215134, [-3.9088915478075184e6, 3.4574675039336095e6, 3.654735280045163e6], 6.371075626649299e6) … GeoPoint(35.54004599327707, 138.5058265577518, 123.6008121256847, [-3.891871891364816e6, 3.4425318893780042e6, 3.686856125495101e6], 6.371075318835964e6) GeoPoint(35.542749788097595, 138.5058190533074, 125.48284005394221, [-3.891741970323269e6, 3.4424178770531523e6, 3.687101322788612e6], 6.371076248824865e6); GeoPoint(35.183131102435276, 138.51010640849367, -1.4849848938050443, [-3.909219359002055e6, 3.4573560401240336e6, 3.654490095135572e6], 6.3710756266444195e6) GeoPoint(35.18583516434024, 138.51009907861757, -1.4717822668409188, [-3.909089437960508e6, 3.457242027799181e6, 3.6547352924290826e6], 6.371074691955987e6) … GeoPoint(35.54005213440449, 138.5091346483333, 122.66827638182788, [-3.8920697815178055e6, 3.4423064132435764e6, 3.6868561378790205e6], 6.371074384142609e6) GeoPoint(35.5427559298214, 138.50912725394056, 124.55030472678581, [-3.891939860476258e6, 3.4421924009187245e6, 3.687101335172531e6], 6.371075314131645e6); … ; GeoPoint(35.18315090944607, 138.94157594223583, -1.7864959347666283, [-3.935142969043634e6, 3.4278186665139725e6, 3.654491717429031e6], 6.371075318191785e6) GeoPoint(35.18585497212649, 138.94158290377584, -1.7732928413778553, [-3.9350130480020866e6, 3.4277046541891205e6, 3.6547369147225423e6], 6.371074383503309e6) … GeoPoint(35.54007204413959, 138.94249887015204, 122.36683244803544, [-3.9179933915593843e6, 3.4127690396335158e6, 3.68685776017248e6], 6.371074075689916e6) GeoPoint(35.542775840337534, 138.94250589296675, 124.24886134355259, [-3.917863470517837e6, 3.412655027308664e6, 3.687102957465991e6], 6.371075005678996e6); GeoPoint(35.183145149329526, 138.94486957191393, -0.8585264180897126, [-3.935340859196623e6, 3.4275931903795446e6, 3.654491729812951e6], 6.3710762481758045e6) GeoPoint(35.18584921142697, 138.94487664254572, -0.845323462717996, [-3.9352109381550755e6, 3.4274791780546927e6, 3.654736927106462e6], 6.3710753134874655e6) … GeoPoint(35.54006620697258, 138.94580696269577, 123.29476603679966, [-3.9181912817123737e6, 3.4125435634990875e6, 3.6868577725563995e6], 6.371075005674116e6) GeoPoint(35.54277000258605, 138.9458140955624, 125.17679452560805, [-3.9180613606708264e6, 3.4124295511742355e6, 3.6871029698499106e6], 6.371075935663061e6);;; GeoPoint(35.18312503872443, 138.5068131246076, 9.44753874795049, [-3.9090276115963985e6, 3.4575869077850007e6, 3.6544958445306118e6], 6.371086561239048e6) GeoPoint(35.185829095780704, 138.506805685663, 9.460741209296058, [-3.908897690554851e6, 3.457472895460149e6, 3.654741041824123e6], 6.371085626552221e6) … GeoPoint(35.540045430634336, 138.50582690468138, 133.60056777720777, [-3.891878034112149e6, 3.442537280904544e6, 3.6868618872740604e6], 6.37108531873937e6) GeoPoint(35.54274922120224, 138.50581940026032, 135.48259274457436, [-3.8917481130706016e6, 3.442423268579692e6, 3.6871070845675715e6], 6.371086248726809e6); GeoPoint(35.18313110121433, 138.5101067472038, 8.514967516501413, [-3.9092255017493875e6, 3.457361431650573e6, 3.6544958569145314e6], 6.371085626547341e6) GeoPoint(35.18583515886541, 138.51009941735035, 8.528170120794433, [-3.90909558070784e6, 3.457247419325721e6, 3.654741054208042e6], 6.371084691860377e6) … GeoPoint(35.54005157174257, 138.50913499005932, 132.66803349410603, [-3.8920759242651383e6, 3.442311804770116e6, 3.68686189965798e6], 6.371084384047481e6) GeoPoint(35.54275536290687, 138.50912759568956, 134.5500588788846, [-3.8919460032235906e6, 3.4421977924452643e6, 3.687107096951491e6], 6.371085314035057e6); … ; GeoPoint(35.18315090819096, 138.94157560521035, 8.213456947541172, [-3.9351491117909667e6, 3.4278240580405123e6, 3.6544974792079907e6], 6.371085318095192e6) GeoPoint(35.18585496661749, 138.94158256672836, 8.226660018965699, [-3.9350191907494194e6, 3.4277100457156603e6, 3.654742676501502e6], 6.371084383408183e6) … GeoPoint(35.54007148144316, 138.94249853019488, 132.3665900299623, [-3.917999534306717e6, 3.412774431160055e6, 3.68686352195144e6], 6.371084075595272e6) GeoPoint(35.54277527338848, 138.9425055529872, 134.24861596741704, [-3.91786961326517e6, 3.412660418835203e6, 3.6871087192449505e6], 6.371085005582893e6); GeoPoint(35.1831451480927, 138.94486922973036, 9.141425008058691, [-3.9353470019439557e6, 3.4275985819060844e6, 3.6544974915919104e6], 6.371086248077752e6) GeoPoint(35.18584920593627, 138.94487630033973, 9.1546279442806, [-3.9352170809024083e6, 3.4274845695812325e6, 3.6547426888854215e6], 6.37108531339088e6) … GeoPoint(35.540065644294806, 138.94580661753506, 133.29452216757224, [-3.918197424459706e6, 3.4125489550256273e6, 3.686863534335359e6], 6.371085005578012e6) GeoPoint(35.542769435655664, 138.945813750379, 135.17654769338154, [-3.9180675034181587e6, 3.4124349427007753e6, 3.68710873162887e6], 6.371085935565499e6);;; … ;;; GeoPoint(35.183124561701206, 138.50694955525896, 3979.42807749232, [-3.911466282287449e6, 3.4597273438212546e6, 3.6567832707775794e6], 6.375056522141184e6) GeoPoint(35.185826931024096, 138.50694212545295, 3979.441271721803, [-3.911336361245902e6, 3.4596133314964026e6, 3.6570284680710905e6], 6.375055588036418e6) … GeoPoint(35.539822201144126, 138.5059645495439, 4103.503621496968, [-3.8943167048031995e6, 3.444677716940798e6, 3.689149313521028e6], 6.375055280415252e6) GeoPoint(35.54252430447754, 138.50595705438272, 4105.384471914942, [-3.894186783761652e6, 3.444563704615946e6, 3.689394510814539e6], 6.375056209823558e6); GeoPoint(35.18313061672727, 138.51024113135165, 3978.496085719517, [-3.911664172440438e6, 3.4595018676868267e6, 3.656783283161499e6], 6.375055588031541e6) GeoPoint(35.18583298664386, 138.5102338105012, 3978.509280090016, [-3.9115342513988907e6, 3.459387855361975e6, 3.65702848045501e6], 6.375054653926638e6) … GeoPoint(35.53982833464225, 138.50927057041181, 4102.571666604491, [-3.894514594956189e6, 3.4444522408063696e6, 3.6891493259049477e6], 6.375054346305427e6) GeoPoint(35.54253043857093, 138.50926318516463, 4104.452517440707, [-3.8943846739146416e6, 3.4443382284815176e6, 3.689394523198459e6], 6.375055275713869e6); … ; GeoPoint(35.18315041015148, 138.94144188945185, 3978.1947624976137, [-3.9375877824820173e6, 3.429964494076766e6, 3.656784905454959e6], 6.375055279771476e6) GeoPoint(35.185852780842424, 138.94144884221782, 3978.207957332792, [-3.93745786144047e6, 3.429850481751914e6, 3.6570301027484694e6], 6.375054345666527e6) … GeoPoint(35.53984823064731, 138.94236365163982, 4102.270410397332, [-3.9204382049977677e6, 3.414914867196309e6, 3.6891509481984074e6], 6.375054038045302e6) GeoPoint(35.54255033535591, 138.94237066556482, 4104.15126178372, [-3.9203082839562204e6, 3.414800854871457e6, 3.689396145491918e6], 6.375054967453789e6); GeoPoint(35.18314465731015, 138.94473346746565, 3979.1221539586495, [-3.9377856726350063e6, 3.4297390179423383e6, 3.656784917838878e6], 6.375056209174904e6) GeoPoint(35.18584702741923, 138.94474052918753, 3979.135348659868, [-3.937655751593459e6, 3.4296250056174863e6, 3.657030115132389e6], 6.375055275070092e6) … GeoPoint(35.53984240089999, 138.94566967446715, 4103.197766001359, [-3.9206360951507566e6, 3.414689391061881e6, 3.6891509605823266e6], 6.375054967448911e6) GeoPoint(35.54254450502524, 138.94567679830647, 4105.078616979523, [-3.9205061741092093e6, 3.414575378737029e6, 3.6893961578758378e6], 6.375055896857262e6);;; GeoPoint(35.1831245605002, 138.50694989869893, 3989.428028501488, [-3.911472425034782e6, 3.4597327353477944e6, 3.656789032556539e6], 6.3750665220427625e6) GeoPoint(35.185826925574524, 138.5069424689159, 3989.441222710314, [-3.9113425039932346e6, 3.4596187230229424e6, 3.65703422985005e6], 6.375065587939461e6) … GeoPoint(35.539821639204824, 138.50596489603947, 4113.503377453019, [-3.8943228475505323e6, 3.444683108467337e6, 3.689155075299988e6], 6.375065280318778e6) GeoPoint(35.54252373829092, 138.5059574009016, 4115.384224915479, [-3.894192926508985e6, 3.4445690961424853e6, 3.6894002725934987e6], 6.375066209725626e6); GeoPoint(35.18313061550748, 138.5102414696399, 3988.4960381874116, [-3.911670315187771e6, 3.4595072592133665e6, 3.6567890449404586e6], 6.375065587934583e6) GeoPoint(35.18583298117549, 138.51023414881215, 3988.5092325414835, [-3.9115403941462236e6, 3.4593932468885146e6, 3.6570342422339697e6], 6.375064653831147e6) … GeoPoint(35.539827772683786, 138.50927091171033, 4112.571424017788, [-3.8945207377035213e6, 3.4444576323329094e6, 3.6891550876839072e6], 6.375064346210418e6) GeoPoint(35.54252987236516, 138.5092635264861, 4114.452271897792, [-3.894390816661974e6, 3.4443436200080574e6, 3.6894002849774184e6], 6.375065275617402e6); … ; GeoPoint(35.183150408897575, 138.94144155284616, 3988.1947154383256, [-3.9375939252293496e6, 3.429969885603306e6, 3.6567906672339183e6], 6.375065279675002e6) GeoPoint(35.18585277533995, 138.9414485055901, 3988.207910252852, [-3.9374640041878023e6, 3.429855873278454e6, 3.657035864527429e6], 6.37506434557152e6) … GeoPoint(35.53984766865437, 138.94236331210791, 4112.270168281091, [-3.9204443477451005e6, 3.4149202587228487e6, 3.689156709977367e6], 6.3750640379507765e6) GeoPoint(35.54254976911568, 138.94237032601058, 4114.151016711976, [-3.9203144267035527e6, 3.414806246397997e6, 3.689401907270878e6], 6.375064967357805e6); GeoPoint(35.183144656074504, 138.94473312570827, 3989.1221054481607, [-3.937791815382339e6, 3.4297444094688776e6, 3.6567906796178375e6], 6.375066209076973e6) GeoPoint(35.185847021935025, 138.94474018740775, 3989.1353001280204, [-3.9376618943407917e6, 3.4296303971440257e6, 3.6570358769113487e6], 6.375065274973626e6) … GeoPoint(35.53984183892568, 138.94566932973822, 4113.197522435404, [-3.9206422378980895e6, 3.414694782588421e6, 3.6891567223612866e6], 6.375064967352929e6) GeoPoint(35.542543938803604, 138.94567645355488, 4115.078370457354, [-3.920512316856542e6, 3.414580770263569e6, 3.6894019196547973e6], 6.375065896759822e6);;; GeoPoint(35.18312455929918, 138.5069502421378, 3999.427979513336, [-3.9114785677821143e6, 3.459738126874334e6, 3.656794794335499e6], 6.375076521944341e6) GeoPoint(35.18582692012497, 138.5069428123778, 3999.4411736986713, [-3.911348646740567e6, 3.4596241145494822e6, 3.6570399916290096e6], 6.375075587842505e6) … GeoPoint(35.53982107726728, 138.50596524253396, 4123.503133408928, [-3.8943289902978647e6, 3.444688499993877e6, 3.6891608370789476e6], 6.375075280222304e6) GeoPoint(35.54252317210608, 138.5059577474194, 4125.383977914404, [-3.8941990692563173e6, 3.444574487669025e6, 3.6894060343724582e6], 6.3750762096276935e6); GeoPoint(35.183130614287684, 138.5102418079271, 3998.4959906573063, [-3.9116764579351037e6, 3.4595126507399064e6, 3.656794806719418e6], 6.375075587837628e6) GeoPoint(35.185832975707164, 138.510234487122, 3998.5091849878886, [-3.9115465368935564e6, 3.4593986384150544e6, 3.6570400040129293e6], 6.375074653735656e6) … GeoPoint(35.53982721072709, 138.50927125300782, 4122.57118143308, [-3.894526880450854e6, 3.444463023859449e6, 3.689160849462867e6], 6.375074346115409e6) GeoPoint(35.542529306161164, 138.50926386780657, 4124.452026357518, [-3.8943969594093068e6, 3.4443490115345973e6, 3.689406046756378e6], 6.375075275520936e6); … ; GeoPoint(35.183150407643666, 138.94144121624151, 3998.194668376816, [-3.9376000679766824e6, 3.429975277129845e6, 3.656796429012878e6], 6.375075279578529e6) GeoPoint(35.1858527698375, 138.9414481689634, 3998.207863173494, [-3.937470146935135e6, 3.4298612648049933e6, 3.657041626306389e6], 6.375074345476512e6) … GeoPoint(35.53984710666321, 138.9423629725771, 4122.269926166851, [-3.920450490492433e6, 3.4149256502493885e6, 3.6891624717563265e6], 6.375074037856252e6) GeoPoint(35.542549202877204, 138.94236998645744, 4124.150771640765, [-3.9203205694508855e6, 3.4148116379245366e6, 3.6894076690498376e6], 6.375074967261823e6); GeoPoint(35.183144654838856, 138.9447327839519, 3999.1220569382454, [-3.9377979581296714e6, 3.4297498009954174e6, 3.6567964413967975e6], 6.375076208979042e6) GeoPoint(35.18584701645083, 138.94473984562904, 3999.135251596027, [-3.937668037088124e6, 3.4296357886705655e6, 3.657041638690308e6], 6.375075274877161e6) … GeoPoint(35.53984127695314, 138.9456689850104, 4123.197278869315, [-3.9206483806454223e6, 3.4147001741149602e6, 3.689162484140246e6], 6.375074967256946e6) GeoPoint(35.542543372583765, 138.94567610880438, 4125.078123935696, [-3.920518459603875e6, 3.4145861617901083e6, 3.689407681433757e6], 6.375075896662381e6)], allGridsInCartesian = localCoord3D[localCoord3D(Integer[1, 1, 1], [-20000.0, -20000.0, -10.0], [0.9999950726744863, -0.0, 0.0031392079811434354], [-9.854527126877071e-6, 0.9999950727741083, 0.0031391607786447795], [-0.0031391925135565916, -0.003139176246387991, 0.9999901454728728]) localCoord3D(Integer[1, 2, 1], [-20000.0, -19700.0, -10.0], [0.9999950726744863, -0.0, 0.0031392079811434236], [-9.706709910952636e-6, 0.9999952194819293, 0.003092073587076472], [-0.0031391929741029427, -0.0030920888228046202, 0.9999902921799709]) … localCoord3D(Integer[1, 133, 1], [-20000.0, 19600.0, -10.0], [0.9999950726744862, -0.0, 0.003139207981143486], [9.657535234119897e-6, 0.9999952677960386, -0.0030764089879710067], [-0.003139193125771042, 0.0030764241465141944, 0.999990340493842]) localCoord3D(Integer[1, 134, 1], [-20000.0, 19900.0, -10.0], [0.9999950726744862, -0.0, 0.0031392079811434705], [9.805352471632793e-6, 0.9999951218258161, -0.0031234961864163462], [-0.0031391926675401393, 0.0031235115769746324, 0.9999901945243388]); localCoord3D(Integer[2, 1, 1], [-19700.0, -20000.0, -10.0], [0.9999952193845189, -0.0, 0.0030921203255578093], [-9.70671210102914e-6, 0.9999950727726626, 0.0031391616997375246], [-0.003092105089978011, -0.0031391767069342867, 0.9999902921807368]) localCoord3D(Integer[2, 2, 1], [-19700.0, -19700.0, -10.0], [0.9999952193845189, -0.0, 0.003092120325557777], [-9.561112100128537e-6, 0.9999952194805267, 0.0030920744943531025], [-0.0030921055436163476, -0.003092089276442966, 0.9999904388878995]) … localCoord3D(Integer[2, 133, 1], [-19700.0, 19600.0, -10.0], [0.999995219384519, -0.0, 0.003092120325557844], [9.512675029071676e-6, 0.99999526779465, -0.0030764098906513313], [-0.0030921056930094974, 0.003076424597854391, 0.9999904872017921]) localCoord3D(Integer[2, 134, 1], [-19700.0, 19900.0, -10.0], [0.999995219384519, -0.0, 0.0030921203255578162], [9.658275051237203e-6, 0.9999951218243847, -0.0031234971029129133], [-0.0030921052416518447, 0.003123512035222904, 0.9999903412322244]); … ; localCoord3D(Integer[133, 1, 1], [19600.0, -20000.0, -10.0], [0.999995267799449, 0.0, -0.003076423037890409], [9.657436008783381e-6, 0.9999950727721855, 0.003139162003702107], [0.003076407879653248, -0.003139176858916568, 0.9999903405949513]) localCoord3D(Integer[133, 2, 1], [19600.0, -19700.0, -10.0], [0.999995267799449, 0.0, -0.0030764230378904746], [9.512575145811427e-6, 0.9999952194800636, 0.0030920747937581727], [0.0030764083309888107, -0.0030920894261454598, 0.9999904873021355]) … localCoord3D(Integer[133, 133, 1], [19600.0, 19600.0, -10.0], [0.9999952677994493, 0.0, -0.003076423037890461], [-9.464383965387554e-6, 0.9999952677941918, -0.0030764101885397224], [0.0030764084796234925, 0.003076424746798604, 0.9999905356160347]) localCoord3D(Integer[133, 134, 1], [19600.0, 19900.0, -10.0], [0.999995267799449, 0.0, -0.0030764230378906043], [-9.609244849516778e-6, 0.9999951218239123, -0.0031234974053606424], [0.0030764080305573055, 0.003123512186446732, 0.999990389646446]); localCoord3D(Integer[134, 1, 1], [19900.0, -20000.0, -10.0], [0.9999951218285539, 0.0, -0.0031235107003677117], [9.80525107789848e-6, 0.9999950727736239, 0.0031391610872497865], [0.0031234953101234044, -0.0031391764006904696, 0.9999901946262142]) localCoord3D(Integer[134, 2, 1], [19900.0, -19700.0, -10.0], [0.9999951218285541, 0.0, -0.003123510700367647], [9.658172999253516e-6, 0.9999952194814594, 0.0030920738910524556], [0.003123495768366833, -0.0030920889747926015, 0.9999903413333339]) … localCoord3D(Integer[134, 133, 1], [19900.0, 19600.0, -10.0], [0.9999951218285541, 0.0, -0.0031235107003676752], [-9.60924421283767e-6, 0.9999952677955734, -0.0030764092904070456], [0.0031234959192765126, 0.003076424297732211, 0.9999903896472121]) localCoord3D(Integer[134, 134, 1], [19900.0, 19900.0, -10.0], [0.9999951218285541, 0.0, -0.003123510700367611], [-9.75632231296311e-6, 0.9999951218253365, -0.0031234964934815025], [0.003123495463336851, 0.0031235117305072374, 0.9999902436776871]);;; localCoord3D(Integer[1, 1, 2], [-20000.0, -20000.0, 0.0], [0.9999950726899542, -0.0, 0.003139203053863253], [-9.85449619185145e-6, 0.9999950727895758, 0.003139155851535636], [-0.003139187586349242, -0.0031391713192060132, 0.9999901455038078]) localCoord3D(Integer[1, 2, 2], [-20000.0, -19700.0, 0.0], [0.9999950726899542, -0.0, 0.0031392030538632738], [-9.706679439946259e-6, 0.9999952194969363, 0.003092068733872323], [-0.003139188046893457, -0.0030920839695287292, 0.9999902922104454]) … localCoord3D(Integer[1, 133, 2], [-20000.0, 19600.0, 0.0], [0.999995072689954, -0.0, 0.0031392030538632343], [9.657504917479164e-6, 0.9999952678108938, -0.003076404159352895], [-0.003139188198560742, 0.003076419317824706, 0.9999903405241651]) localCoord3D(Integer[1, 134, 2], [-20000.0, 19900.0, 0.0], [0.9999950726899542, -0.0, 0.003139203053863221], [9.805321690973586e-6, 0.9999951218411294, -0.0031234912838934642], [-0.003139187740331997, 0.0031235066743792797, 0.9999901945551198]); localCoord3D(Integer[2, 1, 2], [-19700.0, -20000.0, 0.0], [0.9999952193995264, -0.0, 0.0030921154721845847], [-9.706681630010883e-6, 0.99999507278813, 0.0031391567726241254], [-0.003092100236676527, -0.0031391717797502232, 0.9999902922112114]) localCoord3D(Integer[2, 2, 2], [-19700.0, -19700.0, 0.0], [0.9999952193995263, -0.0, 0.0030921154721845513], [-9.561082086169024e-6, 0.9999952194955335, 0.0030920696411446394], [-0.0030921006903127267, -0.0030920844231648982, 0.9999904389179137]) … localCoord3D(Integer[2, 133, 2], [-19700.0, 19600.0, 0.0], [0.9999952193995263, -0.0, 0.0030921154721846498], [9.512645167163108e-6, 0.9999952678095051, -0.0030764050620290216], [-0.0030921008397052038, 0.0030764197691628284, 0.9999904872316543]) localCoord3D(Integer[2, 134, 2], [-19700.0, 19900.0, 0.0], [0.9999952193995262, -0.0, 0.0030921154721846263], [9.658244732269695e-6, 0.999995121839698, -0.0031234922003856107], [-0.003092100388349682, 0.00312350713262529, 0.999990341262545]); … ; localCoord3D(Integer[133, 1, 2], [19600.0, -20000.0, 0.0], [0.9999952678143045, 0.0, -0.0030764182091551737], [9.657405692448586e-6, 0.9999950727876529, 0.003139157076587307], [0.003076403050989389, -0.0031391719317318194, 0.999990340625274]) localCoord3D(Integer[133, 2, 2], [19600.0, -19700.0, 0.0], [0.9999952678143044, 0.0, -0.0030764182091552227], [9.512545284214854e-6, 0.9999952194950705, 0.003092069940548246], [0.003076403502322809, -0.0030920845728666315, 0.9999904873319972]) … localCoord3D(Integer[133, 133, 2], [19600.0, 19600.0, 0.0], [0.9999952678143044, 0.0, -0.0030764182091551897], [-9.46435425506972e-6, 0.999995267809047, -0.0030764053599158982], [0.0030764036509567726, 0.0030764199181062286, 0.999990535645745]) localCoord3D(Integer[133, 134, 2], [19600.0, 19900.0, 0.0], [0.9999952678143044, 0.0, -0.003076418209155173], [-9.609214684460082e-6, 0.9999951218392258, -0.003123492502831927], [0.00307640320189254, 0.003123507283848416, 0.9999903896766146]); localCoord3D(Integer[134, 1, 2], [19900.0, -20000.0, 0.0], [0.9999951218438676, 0.0, -0.003123505797725307], [9.805220297555839e-6, 0.9999950727890913, 0.003139156160139331], [0.0031234904075534676, -0.003139171473507906, 0.9999901946569948]) localCoord3D(Integer[134, 2, 2], [19900.0, -19700.0, 0.0], [0.9999951218438675, 0.0, -0.0031235057977252283], [9.658142680609106e-6, 0.9999952194964662, 0.0030920690378468036], [0.003123490865794725, -0.0030920841215159233, 0.999990341363654]) … localCoord3D(Integer[134, 133, 2], [19900.0, 19600.0, 0.0], [0.9999951218438676, 0.0, -0.003123505797725309], [-9.609214047787806e-6, 0.9999952678104286, -0.003076404461787534], [0.0031234910167037464, 0.0030764194690420326, 0.9999903896773805]) localCoord3D(Integer[134, 134, 2], [19900.0, 19900.0, 0.0], [0.9999951218438677, 0.0, -0.003123505797725329], [-9.756291686214508e-6, 0.9999951218406499, -0.0031234915909569643], [0.0031234905607663162, 0.003123506827910952, 0.9999902437083139]);;; localCoord3D(Integer[1, 1, 3], [-20000.0, -20000.0, 10.0], [0.9999950727054219, -0.0, 0.0031391981265984203], [-9.854465256971474e-6, 0.999995072805043, 0.003139150924442069], [-0.0031391826591572417, -0.0031391663920396127, 0.9999901455347426]) localCoord3D(Integer[1, 2, 3], [-20000.0, -19700.0, 10.0], [0.9999950727054218, -0.0, 0.0031391981265983062], [-9.706648969082007e-6, 0.9999952195119429, 0.003092063880683257], [-0.003139183119699153, -0.0030920791162679213, 0.9999902922409196]) … localCoord3D(Integer[1, 133, 3], [-20000.0, 19600.0, 10.0], [0.9999950727054218, -0.0, 0.003139198126598426], [9.657474600981308e-6, 0.9999952678257489, -0.003076399330750005], [-0.0031391832713658827, 0.003076414489150438, 0.9999903405544877]) localCoord3D(Integer[1, 134, 3], [-20000.0, 19900.0, 10.0], [0.9999950727054218, -0.0, 0.0031391981265984107], [9.80529091045833e-6, 0.9999951218564427, -0.0031234863813856843], [-0.003139182813139296, 0.0031235017717990304, 0.999990194585901]); localCoord3D(Integer[2, 1, 3], [-19700.0, -20000.0, 10.0], [0.9999952194145335, -0.0, 0.0030921106188265984], [-9.706651159136007e-6, 0.9999950728035973, 0.003139151845526158], [-0.0030920953833902805, -0.0031391668525815905, 0.9999902922416857]) localCoord3D(Integer[2, 2, 3], [-19700.0, -19700.0, 10.0], [0.9999952194145334, -0.0, 0.0030921106188266205], [-9.561052072350836e-6, 0.9999952195105402, 0.0030920647879513503], [-0.0030920958370243994, -0.0030920795699020047, 0.9999904389479275]) … localCoord3D(Integer[2, 133, 3], [-19700.0, 19600.0, 10.0], [0.9999952194145335, -0.0, 0.0030921106188265914], [9.512615305394568e-6, 0.9999952678243603, -0.00307640023342178], [-0.003092095986416046, 0.003076414940486334, 0.9999904872615165]) localCoord3D(Integer[2, 134, 3], [-19700.0, 19900.0, 10.0], [0.9999952194145336, -0.0, 0.003092110618826712], [9.658214413444984e-6, 0.9999951218550113, -0.0031234872978736705], [-0.0030920955350627927, 0.003123502230043037, 0.9999903412928655]); … ; localCoord3D(Integer[133, 1, 3], [19600.0, -20000.0, 10.0], [0.9999952678291597, 0.0, -0.0030764133804350733], [9.657375376256474e-6, 0.99999507280312, 0.003139152149487974], [0.0030763982223406647, -0.0031391670045625374, 0.9999903406555963]) localCoord3D(Integer[133, 2, 3], [19600.0, -19700.0, 10.0], [0.9999952678291596, 0.0, -0.003076413380435076], [9.51251542275894e-6, 0.9999952195100773, 0.0030920650873536223], [0.0030763986736719135, -0.0030920797196031086, 0.9999904873618592]) … localCoord3D(Integer[133, 133, 3], [19600.0, 19600.0, 10.0], [0.9999952678291595, 0.0, -0.0030764133804351557], [-9.46432454489254e-6, 0.9999952678239021, -0.0030764005313073987], [0.00307639882230529, 0.0030764150894291784, 0.9999905356754553]) localCoord3D(Integer[133, 134, 3], [19600.0, 19900.0, 10.0], [0.9999952678291597, 0.0, -0.0030764133804351192], [-9.609184519546019e-6, 0.9999951218545391, -0.0031234876003185716], [0.003076398373243152, 0.003123502381265461, 0.9999903897067831]); localCoord3D(Integer[134, 1, 3], [19900.0, -20000.0, 10.0], [0.999995121859181, 0.0, -0.003123500895098287], [9.805189517357721e-6, 0.9999950728045586, 0.003139151233044215], [0.003123485504998916, -0.0031391665463406833, 0.9999901946877753]) localCoord3D(Integer[134, 2, 3], [19900.0, -19700.0, 10.0], [0.999995121859181, 0.0, -0.00312350089509828], [9.658112362107924e-6, 0.999995219511473, 0.0030920641846564566], [0.0031234859632380866, -0.0030920792682545507, 0.9999903413939738]) … localCoord3D(Integer[134, 133, 3], [19900.0, 19600.0, 10.0], [0.999995121859181, 0.0, -0.0031235008950982893], [-9.609183882879778e-6, 0.9999952678252835, -0.003076399633183158], [0.0031234861141463278, 0.0030764146403669925, 0.9999903897075492]) localCoord3D(Integer[134, 134, 3], [19900.0, 19900.0, 10.0], [0.9999951218591808, 0.0, -0.0031235008950982017], [-9.756261059609991e-6, 0.9999951218559632, -0.0031234866884480095], [0.0031234856582109368, 0.0031235019253302494, 0.9999902437389405]);;; … ;;; localCoord3D(Integer[1, 1, 400], [-20000.0, -20000.0, 3980.0], [0.9999950788403686, -0.0, 0.003137243223692078], [-9.842195607951511e-6, 0.9999950789398055, 0.0031371960894230663], [-0.0031372277851293307, -0.0031372115281417937, 0.9999901578043918]) localCoord3D(Integer[1, 2, 400], [-20000.0, -19700.0, 3980.0], [0.9999950788403688, -0.0, 0.003137243223692103], [-9.694563362166457e-6, 0.9999952254640445, 0.003090138367487965], [-0.0031372282448115314, -0.003090153574626992, 0.9999903043279098]) … localCoord3D(Integer[1, 133, 400], [-20000.0, 19600.0, 3980.0], [0.9999950788403689, -0.0, 0.003137243223692128], [9.645450219772764e-6, 0.9999952737176961, -0.0030744835721156273], [-0.0031372283961949975, 0.003074498702214528, 0.9999903525813241]) localCoord3D(Integer[1, 134, 400], [-20000.0, 19900.0, 3980.0], [0.9999950788403689, -0.0, 0.0031372432236920623], [9.793082487092393e-6, 0.9999951279301327, -0.0031215413009149057], [-0.0031372279388238856, 0.00312155666259354, 0.9999902067944777]); localCoord3D(Integer[2, 1, 400], [-19700.0, -20000.0, 3980.0], [0.9999952253668151, -0.0, 0.003090185038610361], [-9.694565547722627e-6, 0.9999950789383633, 0.00313719700878748], [-0.003090169831619317, -0.003137211987823946, 0.9999903043286746]) localCoord3D(Integer[2, 2, 400], [-19700.0, -19700.0, 3980.0], [0.999995225366815, -0.0, 0.003090185038610471], [-9.549147742517017e-6, 0.9999952254626454, 0.0030901392730621575], [-0.003090170284406572, -0.003090154027414124, 0.9999904508522571]) … localCoord3D(Integer[2, 133, 400], [-19700.0, 19600.0, 3980.0], [0.999995225366815, -0.0, 0.0030901850386103697], [9.500771282918167e-6, 0.9999952737163111, -0.0030744844731022034], [-0.0030901704335192276, 0.0030744991527078863, 0.9999904991056927]) localCoord3D(Integer[2, 134, 400], [-19700.0, 19900.0, 3980.0], [0.9999952253668151, -0.0, 0.003090185038610332], [9.646189109336049e-6, 0.9999951279287047, -0.003121542215691823], [-0.0030901699830085086, 0.003121557119982038, 0.9999903533187823]); … ; localCoord3D(Integer[133, 1, 400], [19600.0, -20000.0, 3980.0], [0.9999952737211609, 0.0, -0.003074497575327901], [9.645351116246682e-6, 0.9999950789378874, 0.003137197312181687], [0.003074482445534368, -0.0031372121395210366, 0.9999903526823066]) localCoord3D(Integer[133, 2, 400], [19600.0, -19700.0, 3980.0], [0.9999952737211607, 0.0, -0.003074497575327919], [9.500671524071305e-6, 0.9999952254621836, 0.003090139571905568], [0.0030744828960229797, -0.003090154176835865, 0.9999904992059104]) … localCoord3D(Integer[133, 133, 400], [19600.0, 19600.0, 3980.0], [0.9999952737211608, 0.0, -0.003074497575327919], [-9.452540647417728e-6, 0.9999952737158542, -0.0030744847704317047], [0.003074483044378772, 0.003074499301372694, 0.9999905474593527]) localCoord3D(Integer[133, 134, 400], [19600.0, 19900.0, 3980.0], [0.9999952737211608, 0.0, -0.0030744975753279244], [-9.597220260696948e-6, 0.9999951279282338, -0.003121542517571927], [0.003074482596155092, 0.003121557270922002, 0.9999904016724213]); localCoord3D(Integer[134, 1, 400], [19900.0, -20000.0, 3980.0], [0.9999951279329273, 0.0, -0.003121555767288105], [9.792981219634058e-6, 0.9999950789393224, 0.0031371963974491037], [0.003121540405922766, -0.0031372116821548404, 0.9999902068962255]) localCoord3D(Integer[134, 2, 400], [19900.0, -19700.0, 3980.0], [0.9999951279329273, 0.0, -0.0031215557672881226], [9.646087186232008e-6, 0.9999952254635758, 0.0030901386708936883], [0.0031215408633064124, -0.0030901537263299085, 0.9999903534197653]) … localCoord3D(Integer[134, 133, 400], [19900.0, 19600.0, 3980.0], [0.9999951279329273, 0.0, -0.003121555767288176], [-9.597219626567724e-6, 0.9999952737172321, -0.0030744838739842385], [0.0031215410139329453, 0.0030744988531488673, 0.9999904016731866]) localCoord3D(Integer[134, 134, 400], [19900.0, 19900.0, 3980.0], [0.9999951279329274, 0.0, -0.0031215557672881456], [-9.7441136813968e-6, 0.9999951279296542, -0.0031215416074038458], [0.0031215405588488595, 0.0031215568158380245, 0.9999902558863188]);;; localCoord3D(Integer[1, 1, 401], [-20000.0, -20000.0, 3990.0], [0.9999950788558076, -0.0, 0.0031372383025776115], [-9.842164730973701e-6, 0.9999950789552439, 0.0031371911684794345], [-0.0031372228640875136, -0.0031372066071255096, 0.9999901578352686]) localCoord3D(Integer[1, 2, 401], [-20000.0, -19700.0, 3990.0], [0.9999950788558076, -0.0, 0.003137238302577548], [-9.694532948336471e-6, 0.9999952254790232, 0.0030901335203567374], [-0.003137223323767464, -0.0030901487274242016, 0.9999903043583271]) … localCoord3D(Integer[1, 133, 401], [-20000.0, 19600.0, 3990.0], [0.9999950788558076, -0.0, 0.0031372383025774983], [9.645419960019254e-6, 0.9999952737325235, -0.0030744787495398007], [-0.0031372234751501434, 0.0030744938795675015, 0.99999035261159]) localCoord3D(Integer[1, 134, 401], [-20000.0, 19900.0, 3990.0], [0.9999950788558076, -0.0, 0.003137238302577546], [9.793051764190686e-6, 0.9999951279454173, -0.0031215364045265436], [-0.003137223017781297, 0.0031215517661328895, 0.9999902068252011]); localCoord3D(Integer[2, 1, 401], [-19700.0, -20000.0, 3990.0], [0.9999952253817941, -0.0, 0.003090180191310478], [-9.694535133881586e-6, 0.9999950789538016, 0.003137192087839518], [-0.0030901649843909965, -0.003137207066805496, 0.9999903043590923]) localCoord3D(Integer[2, 2, 401], [-19700.0, -19700.0, 3990.0], [0.9999952253817941, -0.0, 0.003090180191310414], [-9.549117784876529e-6, 0.999995225477624, 0.0030901344259266473], [-0.0030901654371759454, -0.003090149180209183, 0.9999904508822148]) … localCoord3D(Integer[2, 133, 401], [-19700.0, 19600.0, 3990.0], [0.9999952253817941, -0.0, 0.0030901801913105096], [9.500741477043758e-6, 0.9999952737311384, -0.003074479650522061], [-0.0030901655862880955, 0.003074494330058664, 0.9999904991354989]) localCoord3D(Integer[2, 134, 401], [-19700.0, 19900.0, 3990.0], [0.9999952253817941, -0.0, 0.003090180191310448], [9.646158847259916e-6, 0.9999951279439896, -0.003121537319299058], [-0.0030901651357794747, 0.003121552223519136, 0.9999903533490462]); … ; localCoord3D(Integer[133, 1, 401], [19600.0, -20000.0, 3990.0], [0.9999952737359881, 0.0, -0.0030744927526350904], [9.645320856798387e-6, 0.9999950789533258, 0.003137192391232262], [0.003074477622912756, -0.0031372072185018368, 0.9999903527125723]) localCoord3D(Integer[133, 2, 401], [19600.0, -19700.0, 3990.0], [0.9999952737359882, 0.0, -0.0030744927526349776], [9.500641718507806e-6, 0.9999952254771624, 0.0030901347247686063], [0.003074478073399116, -0.0030901493296301742, 0.9999904992357163]) … localCoord3D(Integer[133, 133, 401], [19600.0, 19600.0, 3990.0], [0.9999952737359883, 0.0, -0.0030744927526350965], [-9.452510992849397e-6, 0.9999952737306814, -0.003074479947850038], [0.0030744782217543296, 0.0030744944787226476, 0.9999905474890074]) localCoord3D(Integer[133, 134, 401], [19600.0, 19900.0, 3990.0], [0.9999952737359882, 0.0, -0.003074492752635035], [-9.597190152243447e-6, 0.9999951279435184, -0.0031215376211778854], [0.003074477773532692, 0.0031215523744585337, 0.9999904017025333]); localCoord3D(Integer[134, 1, 401], [19900.0, -20000.0, 3990.0], [0.9999951279482121, 0.0, -0.003121550870780748], [9.792950497048665e-6, 0.9999950789547606, 0.003137191476503899], [0.0031215355094876968, -0.0031372067611377093, 0.9999902069269485]) localCoord3D(Integer[134, 2, 401], [19900.0, -19700.0, 3990.0], [0.9999951279482121, 0.0, -0.0031215508707806957], [9.646056924478822e-6, 0.9999952254785544, 0.0030901338237609697], [0.0031215359668691203, -0.003090148879126342, 0.9999903534500284]) … localCoord3D(Integer[134, 133, 401], [19900.0, 19600.0, 3990.0], [0.9999951279482121, 0.0, -0.0031215508707806874], [-9.597189518120621e-6, 0.9999952737320594, -0.0030744790514069258], [0.003121536117494882, 0.003074494030501064, 0.9999904017032982]) localCoord3D(Integer[134, 134, 401], [19900.0, 19900.0, 3990.0], [0.9999951279482122, 0.0, -0.003121550870780696], [-9.744083112116885e-6, 0.9999951279449388, -0.003121536711013896], [0.0031215356624129777, 0.0031215519193765065, 0.999990255916888]);;; localCoord3D(Integer[1, 1, 402], [-20000.0, -20000.0, 4000.0], [0.9999950788712463, -0.0, 0.0031372333814785763], [-9.842133854140928e-6, 0.9999950789706821, 0.0031371862475511624], [-0.003137217943061129, -0.0031372016861245865, 0.9999901578661455]) localCoord3D(Integer[1, 2, 402], [-20000.0, -19700.0, 4000.0], [0.9999950788712463, -0.0, 0.0031372333814785372], [-9.694502534649833e-6, 0.9999952254940019, 0.003090128673240684], [-0.00313721840273894, -0.003090143880236586, 0.9999903043887441]) … localCoord3D(Integer[1, 133, 402], [-20000.0, 19600.0, 4000.0], [0.9999950788712462, -0.0, 0.0031372333814785047], [9.645389700408157e-6, 0.9999952737473506, -0.003074473926978915], [-0.003137218554120925, 0.00307