{
 "cells": [
  {
   "cell_type": "markdown",
   "id": "04695e49",
   "metadata": {},
   "source": [
    "# need to make threads to be 8 .."
   ]
  },
  {
   "cell_type": "code",
   "execution_count": 1,
   "id": "1455ee09",
   "metadata": {},
   "outputs": [
    {
     "data": {
      "text/plain": [
       "1"
      ]
     },
     "metadata": {},
     "output_type": "display_data"
    }
   ],
   "source": [
    "using Base\n",
    "ENV[\"JULIA_NUM_THREADS\"] = \"auto\"\n",
    "Threads.nthreads()"
   ]
  },
  {
   "cell_type": "code",
   "execution_count": 2,
   "id": "01acd109",
   "metadata": {},
   "outputs": [
    {
     "name": "stderr",
     "output_type": "stream",
     "text": [
      "\u001b[32m\u001b[1m  Activating\u001b[22m\u001b[39m project at `~/Documents/Github/flexOPT`\n"
     ]
    }
   ],
   "source": [
    "\n",
    "using Pkg\n",
    "\n",
    "cd(@__DIR__)\n",
    "\n",
    "Pkg.activate(\"../\")\n",
    "ParamFile = \"../config/testparam.csv\" # 1D Earth/Mars/Moon models are defined\n",
    "\n",
    "include(\"../src/commonBatchs.jl\")\n",
    "include(\"../src/planet1D.jl\")\n",
    "include(\"../src/GeoPoints.jl\")\n",
    "\n",
    "using .commonBatchs, .planet1D, .GeoPoints\n",
    "using Colors\n",
    "\n"
   ]
  },
  {
   "cell_type": "code",
   "execution_count": 3,
   "id": "1e422aca",
   "metadata": {},
   "outputs": [],
   "source": [
    "using Statistics"
   ]
  },
  {
   "cell_type": "code",
   "execution_count": 4,
   "id": "148e74aa",
   "metadata": {},
   "outputs": [
    {
     "data": {
      "text/plain": [
       "MakieCore.Automatic()"
      ]
     },
     "metadata": {},
     "output_type": "display_data"
    }
   ],
   "source": [
    "using GLMakie\n",
    "GLMakie.activate!()\n",
    "Makie.inline!()"
   ]
  },
  {
   "cell_type": "code",
   "execution_count": 5,
   "id": "9224bbd0",
   "metadata": {},
   "outputs": [
    {
     "data": {
      "text/plain": [
       "GeoPoint(35.363602, 138.726379, 0.0, [-3.9135527429451863e6, 3.4349489523064685e6, 3.670837394580353e6], 6.3710137775878785e6)"
      ]
     },
     "metadata": {},
     "output_type": "display_data"
    }
   ],
   "source": [
    "p0 = GeoPoint(35.363602,138.726379) # summit of Mt Fuji\n"
   ]
  },
  {
   "cell_type": "code",
   "execution_count": 6,
   "id": "b5f54c11",
   "metadata": {},
   "outputs": [
    {
     "data": {
      "text/plain": [
       "20000.0"
      ]
     },
     "metadata": {},
     "output_type": "display_data"
    }
   ],
   "source": [
    "\n",
    "\n",
    "Δx = 300.0 # in metre\n",
    "Δy = 300.0\n",
    "Δz = 100.0\n",
    "\n",
    "altMax = 4.e3 # in metre\n",
    "altMin = -10.e0 # in metre\n",
    "\n",
    "horizontalDepth = 20.e3 "
   ]
  },
  {
   "cell_type": "code",
   "execution_count": 7,
   "id": "a76e0b12",
   "metadata": {},
   "outputs": [
    {
     "name": "stdout",
     "output_type": "stream",
     "text": [
      "p1 = GeoPoint(p1.lat, p1.lon) = GeoPoint(35.363392537059966, 138.50631581826323, 0.0, [-3.900340938644034e6, 3.449963769802205e6, 3.670818442978575e6], 6.371013851179584e6)\n",
      "p2 = GeoPoint(p2.lat, p2.lon) = GeoPoint(35.363410746009556, 138.9464423292559, 0.0, [-3.926726158951646e6, 3.4199004293086603e6, 3.670820090473662e6], 6.371013844782146e6)\n"
     ]
    },
    {
     "data": {
      "text/plain": [
       "(allGridsInGeoPoints = GeoPoint[GeoPoint(35.18333316223508, 138.72639009013935, -41.87157463455304, [-3.9222080029676766e6, 3.4425443824367253e6, 3.6544851465673284e6], 6.371035169426674e6) GeoPoint(35.18603724792247, 138.72638992414906, -41.85836718237584, [-3.9220780819261293e6, 3.4424303701118734e6, 3.6547303438608395e6], 6.371034234732308e6) … GeoPoint(35.540257336934545, 138.7263680839373, 82.28309987773636, [-3.905058425483427e6, 3.427494755556268e6, 3.686851189310777e6], 6.371033926916974e6) GeoPoint(35.542961156185996, 138.72636791648597, 84.16514489889346, [-3.9049285044418797e6, 3.427380743231416e6, 3.687096386604288e6], 6.371034856911915e6); GeoPoint(35.18333325372368, 138.72968377142982, -41.86447951971806, [-3.922405893120666e6, 3.4423189063022975e6, 3.654485158951248e6], 6.371035176489681e6) GeoPoint(35.186037339411044, 138.7296837145362, -41.851272066453205, [-3.9222759720791187e6, 3.4422048939774456e6, 3.654730356244759e6], 6.371034241795315e6) … GeoPoint(35.540257428421086, 138.729676228747, 82.29019513419662, [-3.9052563156364164e6, 3.4272692794218403e6, 3.6868512016946967e6], 6.3710339339799825e6) GeoPoint(35.54296124767256, 138.72967617135262, 84.17224015429883, [-3.905126394594869e6, 3.4271552670969884e6, 3.687096398988208e6], 6.371034863974922e6); … ; GeoPoint(35.1825708670524, 139.16114777139575, 80.93009197695996, [-3.948329503162245e6, 3.4127815326922364e6, 3.6544867812447078e6], 6.371158237692649e6) GeoPoint(35.18527487559427, 139.16116200535248, 80.94328128641388, [-3.9481995821206975e6, 3.4126675203673844e6, 3.6547319785382184e6], 6.371157303016337e6) … GeoPoint(35.53948484531927, 139.1630348414343, 205.08001227839173, [-3.931179925677995e6, 3.3977319058117797e6, 3.6868528239881564e6], 6.371156995206949e6) GeoPoint(35.54218858722489, 139.16304920067137, 206.96200313986253, [-3.931050004636448e6, 3.3976178934869277e6, 3.687098021281667e6], 6.371157925183927e6); GeoPoint(35.18255913647253, 139.1644412630578, 82.79770502454974, [-3.9485273933152338e6, 3.4125560565578085e6, 3.654486793628627e6], 6.37116010940835e6) GeoPoint(35.18526314383669, 139.16445560609245, 82.81089405478447, [-3.9483974722736864e6, 3.4124420442329566e6, 3.654731990922138e6], 6.3711591747323135e6) … GeoPoint(35.53947295907753, 139.1663427941195, 206.9475525996255, [-3.9313778158309846e6, 3.397506429677352e6, 3.6868528363720756e6], 6.3711588669230165e6) GeoPoint(35.54217669980235, 139.16635726339445, 208.82954263156805, [-3.931247894789437e6, 3.3973924173525e6, 3.6870980336655867e6], 6.37115979689972e6);;; GeoPoint(35.18333314382302, 138.7263900899664, 58.12842534617317, [-3.922269430441003e6, 3.442598297702122e6, 3.6545427643569247e6], 6.371135168933955e6) GeoPoint(35.186037186971134, 138.72638992397873, 58.14163259088162, [-3.9221395093994555e6, 3.44248428537727e6, 3.6547879616504353e6], 6.371134234254259e6) … GeoPoint(35.54025170405383, 138.72636808410977, 182.28114683306396, [-3.905119852956753e6, 3.4275486708216653e6, 3.6869088071003733e6], 6.371133926443757e6) GeoPoint(35.542955480778595, 138.72636791666108, 184.16316224990368, [-3.904989931915206e6, 3.4274346584968134e6, 3.6871540043938844e6], 6.371134856424101e6); GeoPoint(35.1833332353109, 138.72968371967386, 58.135520346542435, [-3.9224673205939922e6, 3.442372821567694e6, 3.6545427767408444e6], 6.37113517599685e6) GeoPoint(35.18603727845898, 138.72968366277945, 58.14872759445098, [-3.922337399552445e6, 3.4422588092428423e6, 3.654787974034355e6], 6.371134241317157e6) … GeoPoint(35.540251795539646, 138.7296761768824, 182.2882419792551, [-3.9053177431097426e6, 3.427323194687237e6, 3.686908819484293e6], 6.371133933506654e6) GeoPoint(35.54295557226443, 138.72967611948724, 184.17025739574365, [-3.9051878220681953e6, 3.427209182362385e6, 3.6871540167778037e6], 6.371134863486997e6); … ; GeoPoint(35.182570872852516, 139.1611409626515, 180.92816879949035, [-3.948390930635571e6, 3.4128354479576335e6, 3.6545443990343036e6], 6.371258235268322e6) GeoPoint(35.18527483885875, 139.16115519615983, 180.941357902087, [-3.9482610095940237e6, 3.4127214356327816e6, 3.6547895963278147e6], 6.37125730060668e6) … GeoPoint(35.53947923713169, 139.16302797311116, 305.07613630114594, [-3.9312413531513214e6, 3.3977858210771764e6, 3.6869104417777522e6], 6.371256992802124e6) GeoPoint(35.542182936514266, 139.1630423318939, 306.9580975598288, [-3.931111432109774e6, 3.3976718087523244e6, 3.6871556390712634e6], 6.371257922764504e6); GeoPoint(35.18255914264303, 139.16443440273946, 182.79575259756254, [-3.94858882078856e6, 3.4126099718232052e6, 3.6545444114182233e6], 6.371260106954646e6) GeoPoint(35.1852631074716, 139.1644487453223, 182.80894142230397, [-3.9484588997470126e6, 3.4124959594983533e6, 3.6547896087117344e6], 6.37125917229328e6) … GeoPoint(35.539467351267646, 139.16633587376842, 306.9436473778042, [-3.931439243304311e6, 3.3975603449427485e6, 3.686910454161672e6], 6.371258864488813e6) GeoPoint(35.54217104946948, 139.16635034258556, 308.8256078089232, [-3.931309322262763e6, 3.3974463326178966e6, 3.687155651455183e6], 6.371259794450921e6);;; GeoPoint(35.18333312541155, 138.72639008979348, 158.12842532512812, [-3.922330857914329e6, 3.4426522129675187e6, 3.6546003821465205e6], 6.37123516844125e6) GeoPoint(35.18603712602173, 138.72638992380843, 158.14163236092543, [-3.9222009368727817e6, 3.442538200642667e6, 3.6548455794400317e6], 6.371234233776225e6) … GeoPoint(35.5402460713503, 138.72636808428226, 282.27919385083953, [-3.9051812804300794e6, 3.427602586087062e6, 3.6869664248899696e6], 6.371233925970553e6) GeoPoint(35.54294980554974, 138.7263679168362, 284.16117966360883, [-3.905051359388532e6, 3.42748857376221e6, 3.6872116221834803e6], 6.371234855936302e6); GeoPoint(35.18333321689868, 138.72968366791952, 158.13552021453484, [-3.9225287480673185e6, 3.442426736833091e6, 3.65460039453044e6], 6.371235175504035e6) GeoPoint(35.18603721750884, 138.72968361102429, 158.14872725423643, [-3.922398827025771e6, 3.442312724508239e6, 3.6548455918239513e6], 6.371234240839011e6) … GeoPoint(35.54024616283541, 138.72967612501947, 282.2862888867439, [-3.905379170583069e6, 3.427377109952634e6, 3.686966437273889e6], 6.371233933033341e6) GeoPoint(35.54294989703484, 138.72967606762347, 284.16827469916166, [-3.9052492495415215e6, 3.4272630976277823e6, 3.6872116345674e6], 6.371234862999087e6); … ; GeoPoint(35.18257087865208, 139.16113415412056, 280.9262456818238, [-3.948452358108897e6, 3.41288936322303e6, 3.6546020168239e6], 6.3713582328440705e6) GeoPoint(35.18527480212401, 139.16114838718045, 280.9394345761211, [-3.94832243706735e6, 3.4127753508981783e6, 3.654847214117411e6], 6.371357298197099e6) … GeoPoint(35.53947362912012, 139.16302110500413, 405.07226044590254, [-3.9313027806246476e6, 3.397839736342573e6, 3.6869680595673486e6], 6.371356990397373e6) GeoPoint(35.542177285981, 139.16303546333253, 406.95419210274986, [-3.9311728595831003e6, 3.397725724017721e6, 3.6872132568608597e6], 6.371357920345158e6); GeoPoint(35.18255914881294, 139.164427542636, 282.79380023279884, [-3.948650248261886e6, 3.4126638870886024e6, 3.6546020292078196e6], 6.371360104501021e6) GeoPoint(35.18526307110727, 139.164441884767, 282.806988851309, [-3.948520327220339e6, 3.4125498747637505e6, 3.6548472265013303e6], 6.371359169854322e6) … GeoPoint(35.53946174363378, 139.16632895363506, 406.9397422768862, [-3.931500670777637e6, 3.3976142602081452e6, 3.6869680719512682e6], 6.371358862054688e6) GeoPoint(35.542165399313966, 139.16634342199438, 408.82167310742966, [-3.9313707497360893e6, 3.3975002478832933e6, 3.687213269244779e6], 6.371359792002199e6);;; … ;;; GeoPoint(35.18333246298385, 138.7263900835723, 3758.128424573089, [-3.9245422469540727e6, 3.444593162521804e6, 3.656674622571983e6], 6.374835150714193e6) GeoPoint(35.186034933119466, 138.72638991768054, 3758.1416241355605, [-3.9244123259125254e6, 3.4444791501969523e6, 3.6569198198654936e6], 6.374834216576989e6) … GeoPoint(35.54004341196976, 138.72636809048777, 3882.208927384857, [-3.907392669469823e6, 3.4295435356413475e6, 3.6890406653154315e6], 6.374833908945141e6) GeoPoint(35.54274561614689, 138.7263679231367, 3884.0898480926194, [-3.907262748428276e6, 3.4294295233164956e6, 3.689285862608942e6], 6.374834838385721e6); GeoPoint(35.18333255444459, 138.7296818058427, 3758.1355154666785, [-3.924740137107062e6, 3.4443676863873764e6, 3.656674634955902e6], 6.374835157772989e6) GeoPoint(35.186035024580185, 138.7296817489179, 3758.1487150288262, [-3.9246102160655144e6, 3.4442536740625245e6, 3.6569198322494132e6], 6.374834223635786e6) … GeoPoint(35.54004350342881, 138.7296742590395, 3882.21601842181, [-3.9075905596228126e6, 3.4293180595069197e6, 3.6890406776993508e6], 6.374833916003939e6) GeoPoint(35.54274570760593, 138.72967420161393, 3884.096939129207, [-3.907460638581265e6, 3.4292040471820678e6, 3.689285874992862e6], 6.374834845444517e6); … ; GeoPoint(35.18257108706014, 139.16088918894573, 3880.8570535047947, [-3.950663747148641e6, 3.4148303127773157e6, 3.656676257249362e6], 6.374958145621708e6) GeoPoint(35.185273480188286, 139.16090340587712, 3880.870234955773, [-3.9505338261070936e6, 3.414716300452464e6, 3.656921454542873e6], 6.374957211502527e6) … GeoPoint(35.53927185786814, 139.16277399696128, 4004.932810630364, [-3.9335141696643913e6, 3.3997806858968586e6, 3.6890422999928105e6], 6.374956903876614e6) GeoPoint(35.541973984837945, 139.16278833894825, 4006.813677273919, [-3.933384248622844e6, 3.3996666735720066e6, 3.6892874972863216e6], 6.3749578332992615e6); GeoPoint(35.182559370542094, 139.16418072192675, 3882.7235557883228, [-3.95086163730163e6, 3.414604836642888e6, 3.6566762696332815e6], 6.37496001622174e6) GeoPoint(35.18526176249464, 139.16419504780634, 3882.7367369626245, [-3.9507317162600826e6, 3.414490824318036e6, 3.656921466926792e6], 6.374959082102833e6) … GeoPoint(35.53925998596654, 139.16607997373353, 4006.7992403185845, [-3.9337120598173803e6, 3.3995552097624307e6, 3.68904231237673e6], 6.3749587744770115e6) GeoPoint(35.54196211175764, 139.16609442562697, 4008.6801061361443, [-3.933582138775833e6, 3.399441197437579e6, 3.689287509670241e6], 6.374959703899385e6);;; GeoPoint(35.18333244459378, 138.7263900833996, 3858.12842455217, [-3.924603674427399e6, 3.4446470777872014e6, 3.6567322403615788e6], 6.37493515022206e6) GeoPoint(35.18603487224095, 138.72638991751043, 3858.141623908792, [-3.9244737533858516e6, 3.4445330654623494e6, 3.65697743765509e6], 6.374934216099509e6) … GeoPoint(35.54003778581684, 138.72636809066, 3982.206976673063, [-3.9074540969431493e6, 3.429597450906744e6, 3.6890982831050274e6], 6.374933908472487e6) GeoPoint(35.54273994751807, 138.72636792331159, 3984.08786781162, [-3.907324175901602e6, 3.4294834385818923e6, 3.6893434803985385e6], 6.374934837898487e6); GeoPoint(35.1833325360538, 138.7296817541483, 3858.135515334145, [-3.9248015645803884e6, 3.444421601652773e6, 3.6567322527454984e6], 6.374935157280746e6) GeoPoint(35.18603496370094, 138.72968169722265, 3858.1487146904437, [-3.9246716435388406e6, 3.444307589327921e6, 3.6569774500390096e6], 6.374934223158197e6) … GeoPoint(35.54003787727516, 138.72967420723688, 3982.214067601193, [-3.9076519870961388e6, 3.4293719747723164e6, 3.689098295488947e6], 6.374933915531174e6) GeoPoint(35.5427400389764, 138.72967414981048, 3984.094958737269, [-3.9075220660545914e6, 3.4292579624474645e6, 3.689343492782458e6], 6.374934844957174e6); … ; GeoPoint(35.18257109283882, 139.160882388298, 3980.8551326110805, [-3.950725174621967e6, 3.4148842280427124e6, 3.656733875038958e6], 6.37505814320027e6) GeoPoint(35.18527344348214, 139.16089660478178, 3980.868313857538, [-3.95059525358042e6, 3.4147702157178605e6, 3.656979072332469e6], 6.375057209095743e6) … GeoPoint(35.53926625636376, 139.16276713684132, 4104.928939274211, [-3.9335755971377175e6, 3.3998346011622557e6, 3.689099917782407e6], 6.375056901474655e6) GeoPoint(35.541968340861295, 139.1627814783748, 4106.809776349424, [-3.93344567609617e6, 3.399720588837404e6, 3.6893451150759174e6], 6.375057830882723e6); GeoPoint(35.182559376690484, 139.16417386976622, 3982.7216056852353, [-3.950923064774956e6, 3.4146587519082846e6, 3.6567338874228774e6], 6.375060013770961e6) GeoPoint(35.18526172615824, 139.1641881951948, 3982.73478665004, [-3.950793143733409e6, 3.4145447395834327e6, 3.6569790847163885e6], 6.375059079666707e6) … GeoPoint(35.53925438483917, 139.16607306164772, 4106.795339751713, [-3.9337734872907065e6, 3.3996091250278275e6, 3.689099930166326e6], 6.37505877204571e6) GeoPoint(35.54195646815808, 139.1660875130842, 4108.676176002193, [-3.933643566249159e6, 3.3994951127029755e6, 3.689345127459837e6], 6.375059701453506e6);;; GeoPoint(35.18333242620431, 138.72639008322687, 3958.1284245322095, [-3.924665101900725e6, 3.444700993052598e6, 3.656789858151175e6], 6.375035149729943e6) GeoPoint(35.18603481136435, 138.7263899173403, 3958.1416236787245, [-3.924535180859178e6, 3.444586980727746e6, 3.657035055444686e6], 6.375034215622045e6) … GeoPoint(35.540032159840806, 138.7263680908323, 4082.2050260252954, [-3.9075155244164756e6, 3.429651366172141e6, 3.6891559008946237e6], 6.375033907999848e6) GeoPoint(35.54273427906746, 138.72636792348652, 4084.0858875942095, [-3.9073856033749282e6, 3.429537353847289e6, 3.689401098188135e6], 6.37503483741127e6); GeoPoint(35.18333251766358, 138.7296817024555, 3958.135515201848, [-3.9248629920537146e6, 3.4444755169181703e6, 3.6567898705350948e6], 6.375035156788519e6) GeoPoint(35.1860349028236, 138.72968164552904, 3958.148714350859, [-3.924733071012167e6, 3.4443615045933183e6, 3.6570350678286054e6], 6.375034222680621e6) … GeoPoint(35.54003225129841, 138.7296741554359, 4082.212116838947, [-3.907713414569465e6, 3.429425890037713e6, 3.6891559132785434e6], 6.375033915058426e6) GeoPoint(35.54273437052506, 138.72967409800867, 4084.0929784089026, [-3.9075834935279177e6, 3.429311877712861e6, 3.689401110572054e6], 6.375034844469845e6); … ; GeoPoint(35.182571098616926, 139.16087558786313, 4080.8532117808772, [-3.9507866020952933e6, 3.4149381433081096e6, 3.656791492828554e6], 6.3751581407789085e6) GeoPoint(35.185273406776766, 139.16088980389932, 4080.8663928185592, [-3.950656681053746e6, 3.414824130983257e6, 3.657036690122065e6], 6.375157206689033e6) … GeoPoint(35.539260655035086, 139.16276027693706, 4204.92506803557, [-3.9336370246110437e6, 3.3998885164276524e6, 3.6891575355720026e6], 6.37515689907277e6) GeoPoint(35.54196269706169, 139.162774618017, 4206.805875546233, [-3.9335071035694964e6, 3.3997745041028005e6, 3.689402732865514e6], 6.375157828466262e6); GeoPoint(35.182559382838285, 139.16416701782018, 4082.719655640344, [-3.9509844922482823e6, 3.4147126671736813e6, 3.6567915052124737e6], 6.3751600113202585e6) GeoPoint(35.18526168982262, 139.16418134279778, 4082.7328364012615, [-3.950854571206735e6, 3.4145986548488294e6, 3.657036702505985e6], 6.3751590772306565e6) … GeoPoint(35.5392487838875, 139.16606614977928, 4206.791439306906, [-3.9338349147640327e6, 3.3996630402932246e6, 3.6891575479559223e6], 6.375158769614484e6) GeoPoint(35.54195082473555, 139.16608060075876, 4208.672245992687, [-3.9337049937224854e6, 3.3995490279683727e6, 3.6894027452494334e6], 6.375159699007703e6)], allGridsInCartesian = localCoord3D[localCoord3D(Integer[1, 1, 1], [0.0, -20000.0, -10.0], [1.0, -0.0, 6.989528580453878e-10], [-2.194147020491138e-12, 0.9999950727255523, 0.003139191714054994], [-6.989494141128303e-10, -0.0031391917140549948, 0.9999950727255525]) localCoord3D(Integer[1, 2, 1], [0.0, -19700.0, -10.0], [0.9999999999999999, -0.0, 6.989529523506898e-10], [-2.1612352606376047e-12, 0.999995219434819, 0.003092104058462057], [-6.989496109605427e-10, -0.0030921040584620573, 0.9999952194348191]) … localCoord3D(Integer[1, 133, 1], [0.0, 19600.0, -10.0], [0.9999999999999999, -0.0, 6.98952878530022e-10], [2.1502861078446702e-12, 0.9999952677494044, -0.003076439304988582], [-6.989495709098465e-10, 0.0030764393049885824, 0.9999952677494045]) localCoord3D(Integer[1, 134, 1], [0.0, 19900.0, -10.0], [1.0, -0.0, 6.989528328313174e-10], [2.1831980223302494e-12, 0.9999951217777432, -0.0031235269674586667], [-6.989494231840519e-10, 0.0031235269674586676, 0.9999951217777434]); localCoord3D(Integer[2, 1, 1], [300.0, -20000.0, -10.0], [0.999999998891377, 0.0, -4.708764224741297e-5], [1.4781713621358947e-7, 0.9999950727255632, 0.0031391917070945964], [4.7087410233677044e-5, -0.0031391917105747773, 0.9999950716169458]) localCoord3D(Integer[2, 2, 1], [300.0, -19700.0, -10.0], [0.999999998891377, 0.0, -4.7087642247405016e-5], [1.4559988953520028e-7, 0.9999952194348295, 0.003092104051606212], [4.708741714186254e-5, -0.0030921040550341908, 0.9999952183262121]) … localCoord3D(Integer[2, 133, 1], [300.0, 19600.0, -10.0], [0.9999999988913768, 0.0, -4.7087642247490506e-5], [-1.4486227322882225e-7, 0.9999952677494148, -0.003076439298167342], [4.708741941696794e-5, 0.0030764393015779534, 0.9999952666407971]) localCoord3D(Integer[2, 134, 1], [300.0, 19900.0, -10.0], [0.9999999988913769, 0.0, -4.708764224746943e-5], [-1.470795202309637e-7, 0.9999951217777541, -0.0031235269605330946], [4.708741254348552e-5, 0.0031235269639959097, 0.9999951206691367]); … ; localCoord3D(Integer[133, 1, 1], [39600.0, -20000.0, -10.0], [0.9999806833429435, 0.0, -0.006215540280597371], [1.951139564872121e-5, 0.999995072915906, 0.0031390704384442634], [0.0062155096561077195, -0.003139131075962714, 0.9999757563540245]) localCoord3D(Integer[133, 2, 1], [39600.0, -19700.0, -10.0], [0.9999806833429435, 0.0, -0.006215540280597362], [1.9218726082007528e-5, 0.999995219619505, 0.0030919846019596075], [0.0062155105679498395, -0.0030920443299195326, 0.9999759030547897]) … localCoord3D(Integer[133, 133, 1], [39600.0, 19600.0, -10.0], [0.9999806833429435, 0.0, -0.006215540280597373], [-1.9121363056517567e-5, 0.9999952679322238, -0.0030763204536528627], [0.006215510868239501, 0.003076379879027962, 0.9999759513665752]) localCoord3D(Integer[133, 134, 1], [39600.0, 19900.0, -10.0], [0.9999806833429435, 0.0, -0.006215540280597318], [-1.9414032665974117e-5, 0.9999951219662021, -0.0031234062970141928], [0.006215509960981758, 0.0031234666319479494, 0.9999758054033729]); localCoord3D(Integer[134, 1, 1], [39900.0, -20000.0, -10.0], [0.9999803895663065, 0.0, -0.006262625872411303], [1.9659197717745147e-5, 0.999995072918801, 0.0031390685940468916], [0.006262595015945111, -0.0031391301537506268, 0.9999754625817298]) localCoord3D(Integer[134, 2, 1], [39900.0, -19700.0, -10.0], [0.9999803895663064, 0.0, -0.0062626258724112465], [1.9364311130357e-5, 0.9999952196223137, 0.0030919827852277596], [0.006262595934694271, -0.0030920434215402554, 0.9999756092823657]) … localCoord3D(Integer[134, 133, 1], [39900.0, 19600.0, -10.0], [0.9999803895663065, 0.0, -0.006262625872411187], [-1.9266210563745986e-5, 0.9999952679350042, -0.0030763186461246522], [0.006262596237258514, 0.0030763789752505624, 0.9999756575941086]) localCoord3D(Integer[134, 134, 1], [39900.0, 19900.0, -10.0], [0.9999803895663066, 0.0, -0.0062626258724111355], [-1.95610971942003e-5, 0.9999951219690681, -0.003123404461820398], [0.006262595323128416, 0.0031234657143376834, 0.9999755116310352]);;; localCoord3D(Integer[1, 1, 2], [0.0, -20000.0, 90.0], [1.0, -0.0, 6.989419048271175e-10], [-2.1940781980774324e-12, 0.9999950728802256, 0.003139142442203598], [-6.98938461056637e-10, -0.003139142442203598, 0.9999950728802256]) localCoord3D(Integer[1, 2, 2], [0.0, -19700.0, 90.0], [1.0, -0.0, 6.989419215113113e-10], [-2.1611672305321324e-12, 0.999995219584887, 0.003092055525670965], [-6.989385802787868e-10, -0.0030920555256709658, 0.9999952195848872]) … localCoord3D(Integer[1, 133, 2], [0.0, 19600.0, 90.0], [1.0, -0.0, 6.989419449605537e-10], [2.150218721623607e-12, 0.9999952678979556, -0.00307639101806225], [-6.989386374959471e-10, 0.003076391018062251, 0.9999952678979558]) localCoord3D(Integer[1, 134, 2], [0.0, 19900.0, 90.0], [1.0, -0.0, 6.989418875954787e-10], [2.1831295682751763e-12, 0.9999951219308768, -0.0031234779414718514], [-6.98938478108638e-10, 0.0031234779414718522, 0.999995121930877]); localCoord3D(Integer[2, 1, 2], [300.0, -20000.0, 90.0], [0.9999999988914117, 0.0, -4.708690316609787e-5], [1.4781249603676827e-7, 0.9999950728802366, 0.0031391424352436217], [4.70866711632867e-5, -0.003139142438723639, 0.9999950717716541]) localCoord3D(Integer[2, 2, 2], [300.0, -19700.0, 90.0], [0.9999999988914118, 0.0, -4.708690316610462e-5], [1.4559531896008132e-7, 0.9999952195848976, 0.003092055518815314], [4.708667807116159e-5, -0.00309205552224313, 0.9999952184763146]) … localCoord3D(Integer[2, 133, 2], [300.0, 19600.0, 90.0], [0.9999999988914118, 0.0, -4.708690316603308e-5], [-1.4485772580776815e-7, 0.9999952678979662, -0.0030763910112414465], [4.708668034600285e-5, 0.003076391014651898, 0.9999952667893834]) localCoord3D(Integer[2, 134, 2], [300.0, 19900.0, 90.0], [0.9999999988914118, 0.0, -4.7086903166061365e-5], [-1.4707490320837196e-7, 0.9999951219308877, -0.0031234779345466284], [4.708667347289344e-5, 0.00312347793800928, 0.999995120822305]); … ; localCoord3D(Integer[133, 1, 2], [39600.0, -20000.0, 90.0], [0.9999806839493045, 0.0, -0.006215442726070204], [1.9510783183649685e-5, 0.9999950730705673, 0.0031390211723032503], [0.006215412103022501, -0.003139081806966571, 0.9999757571150408]) localCoord3D(Integer[133, 2, 2], [39600.0, -19700.0, 90.0], [0.9999806839493046, 0.0, -0.006215442726070135], [1.921812280378051e-5, 0.9999952197695614, 0.003091936074793026], [0.006215413014821628, -0.003091995799940648, 0.9999759038112013]) … localCoord3D(Integer[133, 133, 2], [39600.0, 19600.0, 90.0], [0.9999806839493046, 0.0, -0.0062154427260702055], [-1.9120762834499337e-5, 0.9999952680807637, -0.003076272172322664], [0.0062154133150972065, 0.003076331594899707, 0.9999759521214702]) localCoord3D(Integer[133, 134, 2], [39600.0, 19900.0, 90.0], [0.9999806839493045, 0.0, -0.006215442726070208], [-1.941342325710953e-5, 0.9999951221193236, -0.0031233572767093718], [0.006215412407882241, 0.0031234176088022476, 0.9999758061628499]); localCoord3D(Integer[134, 1, 2], [39900.0, -20000.0, 90.0], [0.9999803901818892, 0.0, -0.00626252757892122], [1.965858061351178e-5, 0.999995073073462, 0.0031390193279927955], [0.006262496723907898, -0.0031390808847979825, 0.9999754633519676]) localCoord3D(Integer[134, 2, 2], [39900.0, -19700.0, 90.0], [0.9999803901818891, 0.0, -0.006262527578921261], [1.9363703282554664e-5, 0.9999952197723698, 0.0030919342581467286], [0.006262497642613896, -0.0030919948916041536, 0.9999756100479986]) … localCoord3D(Integer[134, 133, 2], [39900.0, 19600.0, 90.0], [0.9999803901818892, 0.0, -0.006262527578921195], [-1.9265605795301485e-5, 0.9999952680835439, -0.003076270364879533], [0.006262497945163888, 0.0030763306911648363, 0.9999756583582252]) localCoord3D(Integer[134, 134, 2], [39900.0, 19900.0, 90.0], [0.9999803901818891, 0.0, -0.006262527578921245], [-1.9560483169322852e-5, 0.9999951221221897, -0.0031233554416019156], [0.0062624970310769315, 0.003123416691235116, 0.9999755123997333]);;; localCoord3D(Integer[1, 1, 3], [0.0, -20000.0, 190.0], [1.0, -0.0, 6.989309040247567e-10], [-2.1940092284533314e-12, 0.9999950730348915, 0.0031390931718990314], [-6.989274604165795e-10, -0.0031390931718990323, 0.9999950730348918]) localCoord3D(Integer[1, 2, 3], [0.0, -19700.0, 190.0], [0.9999999999999999, -0.0, 6.989309388685688e-10], [-2.161099351586343e-12, 0.999995219734948, 0.0030920069944031037], [-6.98927597793428e-10, -0.0030920069944031033, 0.9999952197349479]) … localCoord3D(Integer[1, 133, 3], [0.0, 19600.0, 190.0], [0.9999999999999999, -0.0, 6.98930928107479e-10], [2.150151081308953e-12, 0.9999952680465, -0.0030763427326517025], [-6.989276207988276e-10, 0.003076342732651703, 0.9999952680465001]) localCoord3D(Integer[1, 134, 3], [0.0, 19900.0, 190.0], [1.0, -0.0, 6.989309272897776e-10], [2.1830610692993027e-12, 0.9999951220840032, -0.003123428917024018], [-6.989275179634266e-10, 0.003123428917024018, 0.9999951220840032]); localCoord3D(Integer[2, 1, 3], [300.0, -20000.0, 190.0], [0.9999999988914465, 0.0, -4.708616410784087e-5], [1.4780785607798934e-7, 0.9999950730349025, 0.003139093164939363], [4.7085932115953745e-5, -0.0031390931684192156, 0.9999950719263546]) localCoord3D(Integer[2, 2, 3], [300.0, -19700.0, 190.0], [0.9999999988914465, 0.0, -4.708616410790401e-5], [1.4559074859986175e-7, 0.9999952197349584, 0.0030920069875479054], [4.70859390235598e-5, -0.0030920069909755616, 0.9999952186264105]) … localCoord3D(Integer[2, 133, 3], [300.0, 19600.0, 190.0], [0.9999999988914466, 0.0, -4.708616410777973e-5], [-1.4485317860083408e-7, 0.9999952680465105, -0.0030763427258310785], [4.708594129824116e-5, 0.003076342729241369, 0.9999952669379623]) localCoord3D(Integer[2, 134, 3], [300.0, 19900.0, 190.0], [0.9999999988914464, 0.0, -4.708616410787226e-5], [-1.470702864032342e-7, 0.9999951220840139, -0.003123428910099102], [4.7085934425519655e-5, 0.003123428913561591, 0.9999951209754662]); … ; localCoord3D(Integer[133, 1, 3], [39600.0, -20000.0, 190.0], [0.999980684555637, 0.0, -0.0062153451746052414], [1.9510170747415492e-5, 0.9999950732252214, 0.003138971907708576], [0.006215314552999396, -0.003139032539516947, 0.9999757578760216]) localCoord3D(Integer[133, 2, 3], [39600.0, -19700.0, 190.0], [0.9999806845556369, 0.0, -0.006215345174605287], [1.9217519553958682e-5, 0.9999952199196106, 0.003091887549149569], [0.006215315464755707, -0.0030919472714850647, 0.9999759045675772]) … localCoord3D(Integer[133, 133, 3], [39600.0, 19600.0, 190.0], [0.9999806845556372, 0.0, -0.006215345174605348], [-1.9120162640742287e-5, 0.9999952682292966, -0.003076223892507889], [0.00621531576501714, 0.003076283312287053, 0.99997595287633]) localCoord3D(Integer[133, 134, 3], [39600.0, 19900.0, 190.0], [0.9999806845556372, 0.0, -0.006215345174605348], [-1.9412813876937588e-5, 0.9999951222724383, -0.003123308257943026], [0.006215314857844885, 0.003123368587195198, 0.999975806922291]); localCoord3D(Integer[134, 1, 3], [39900.0, -20000.0, 190.0], [0.9999803907974426, 0.0, -0.006262429288516572], [1.965796353833333e-5, 0.999995073228116, 0.0031389700634848806], [0.006262398434956028, -0.0031390316173917003, 0.9999754641221689]) localCoord3D(Integer[134, 2, 3], [39900.0, -19700.0, 190.0], [0.9999803907974428, 0.0, -0.006262429288516585], [1.9363095463371733e-5, 0.999995219922419, 0.0030918857325888], [0.00626239935361874, -0.0030919463631913324, 0.9999756108135954]) … localCoord3D(Integer[134, 133, 3], [39900.0, 19600.0, 190.0], [0.9999803907974426, 0.0, -0.006262429288516641], [-1.9265001055332545e-5, 0.9999952682320766, -0.0030762220851499184], [0.0062623996561546125, 0.003076282408594792, 0.9999756591223057]) localCoord3D(Integer[134, 134, 3], [39900.0, 19900.0, 190.0], [0.9999803907974429, 0.0, -0.006262429288516502], [-1.9559869173354706e-5, 0.999995122275304, -0.003123306422921945], [0.006262398742110506, 0.003123367669671241, 0.9999755131683953]);;; … ;;; localCoord3D(Integer[1, 1, 39], [0.0, -20000.0, 3790.0], [1.0, -0.0, 6.985361782476561e-10], [-2.191531851337398e-12, 0.9999950785980228, 0.003137320470408651], [-6.985327404703275e-10, -0.003137320470408652, 0.9999950785980231]) localCoord3D(Integer[1, 2, 39], [0.0, -19700.0, 3790.0], [1.0, -0.0, 6.985362668657207e-10], [-2.1586593007116346e-12, 0.9999952251324384, 0.0030902608827990783], [-6.985329314475595e-10, -0.003090260882799079, 0.9999952251324387]) … localCoord3D(Integer[1, 133, 39], [0.0, 19600.0, 3790.0], [1.0, -0.0, 6.985362787562692e-10], [2.147723461400114e-12, 0.9999952733894415, -0.0030746054667684483], [-6.985329770473185e-10, 0.0030746054667684483, 0.9999952733894415]) localCoord3D(Integer[1, 134, 39], [0.0, 19900.0, 3790.0], [1.0, -0.0, 6.985362407898442e-10], [2.1805961768856568e-12, 0.9999951275917527, -0.0031216650612429613], [-6.985328372361035e-10, 0.0031216650612429613, 0.9999951275917527]); localCoord3D(Integer[2, 1, 39], [300.0, -20000.0, 3790.0], [0.9999999988926983, 0.0, -4.705957345556391e-5], [1.4764096296736376e-7, 0.9999950785980339, 0.003137320463460871], [4.7059341856486584e-5, -0.0031373204669348314, 0.9999950774907377]) localCoord3D(Integer[2, 2, 39], [300.0, -19700.0, 3790.0], [0.9999999988926983, 0.0, -4.7059573455598204e-5], [1.4542635885001736e-7, 0.9999952251324491, 0.003090260875955445], [4.705934875236796e-5, -0.0030902608793772967, 0.9999952240251528]) … localCoord3D(Integer[2, 133, 39], [300.0, 19600.0, 3790.0], [0.9999999988926983, 0.0, -4.705957345555868e-5], [-1.4468962165003017e-7, 0.9999952733894519, -0.003074605459959271], [4.7059351023282406e-5, 0.0030746054633637877, 0.9999952722821557]) localCoord3D(Integer[2, 134, 39], [300.0, 19900.0, 3790.0], [0.9999999988926984, 0.0, -4.705957345558367e-5], [-1.4690422609062236e-7, 0.9999951275917633, -0.0031216650543296567], [4.705934416213036e-5, 0.0031216650577862827, 0.9999951264844673]); … ; localCoord3D(Integer[133, 1, 39], [39600.0, -20000.0, 3790.0], [0.9999807063646075, 0.0, -0.006211835360064443], [1.9488142233275034e-5, 0.9999950787879232, 0.0031371994115378704], [0.0062118047903052505, -0.003137259940687298, 0.9999757852474789]) localCoord3D(Integer[133, 2, 39], [39600.0, -19700.0, 3790.0], [0.9999807063646075, 0.0, -0.006211835360064461], [1.9195821462805576e-5, 0.9999952253166844, 0.003090141639785189], [0.00621180570051781, -0.003090201261001609, 0.9999759317734133]) … localCoord3D(Integer[133, 133, 39], [39600.0, 19600.0, 3790.0], [0.9999807063646075, 0.0, -0.00621183536006454], [-1.9098574472161118e-5, 0.9999952735718254, -0.00307448682783993], [0.006211806000270879, 0.003074546147012288, 0.999975980027623]) localCoord3D(Integer[133, 134, 39], [39600.0, 19900.0, 3790.0], [0.9999807063646076, 0.0, -0.006211835360064551], [-1.9390895285271295e-5, 0.9999951277797624, -0.0031215446064568955], [0.006211805094634597, 0.0031216048335623936, 0.9999758342383728]); localCoord3D(Integer[134, 1, 39], [39900.0, -20000.0, 3790.0], [0.9999804129380845, 0.0, -0.006258892887583496], [1.9635768167556875e-5, 0.9999950787908113, 0.0031371975704366254], [0.006258862086262307, -0.0031372590201232983, 0.9999754918252879]) localCoord3D(Integer[134, 2, 39], [39900.0, -19700.0, 3790.0], [0.9999804129380845, 0.0, -0.006258892887583487], [1.9341233018397573e-5, 0.9999952253194866, 0.0030901398263002196], [0.006258863003369582, -0.0030902003542458904, 0.9999756383510932]) … localCoord3D(Integer[134, 133, 39], [39900.0, 19600.0, 3790.0], [0.9999804129380845, 0.0, -0.006258892887583482], [-1.9243249365545925e-5, 0.999995273574599, -0.0030744850235420295], [0.006258863305393157, 0.0030745452448501034, 0.9999756866052604]) localCoord3D(Integer[134, 134, 39], [39900.0, 19900.0, 3790.0], [0.9999804129380845, 0.0, -0.006258892887583514], [-1.9537784557668502e-5, 0.9999951277826218, -0.0031215427745426463], [0.006258862392896819, 0.003121603917591857, 0.9999755408161387]);;; localCoord3D(Integer[1, 1, 40], [0.0, -20000.0, 3890.0], [1.0, -0.0, 6.985252315437879e-10], [-2.1914631314073453e-12, 0.9999950787524199, 0.003137271257280233], [-6.985217939281825e-10, -0.003137271257280233, 0.9999950787524199]) localCoord3D(Integer[1, 2, 40], [0.0, -19700.0, 3890.0], [1.0, -0.0, 6.985252709216249e-10], [-2.158591459398611e-12, 0.9999952252822383, 0.0030902124078497463], [-6.985219356606069e-10, -0.003090212407849747, 0.9999952252822385]) … localCoord3D(Integer[1, 133, 40], [0.0, 19600.0, 3890.0], [0.9999999999999999, -0.0, 6.985252471681519e-10], [2.1476558541811676e-12, 0.9999952735377274, -0.0030745572373909835], [-6.985219456149249e-10, 0.003074557237390984, 0.9999952735377275]) localCoord3D(Integer[1, 134, 40], [0.0, 19900.0, 3890.0], [0.9999999999999999, -0.0, 6.985253511762019e-10], [2.1805279780792318e-12, 0.9999951277446124, -0.003121616093685907], [-6.985219477822964e-10, 0.0031216160936859074, 0.9999951277446125]); localCoord3D(Integer[2, 1, 40], [300.0, -20000.0, 3890.0], [0.9999999988927329, 0.0, -4.705883525511581e-5], [1.476363310834857e-7, 0.9999950787524309, 0.0031372712503325967], [4.705860366693721e-5, -0.003137271253806394, 0.9999950776451694]) localCoord3D(Integer[2, 2, 40], [300.0, -19700.0, 3890.0], [0.999999998892733, 0.0, -4.705883525513493e-5], [1.4542179644335498e-7, 0.9999952252822488, 0.0030902124010063806], [4.705861056247889e-5, -0.0030902124044280715, 0.9999952241749872]) … localCoord3D(Integer[2, 133, 40], [300.0, 19600.0, 3890.0], [0.999999998892733, 0.0, -4.70588352550714e-5], [-1.446850823564634e-7, 0.9999952735377379, -0.0030745572305822437], [4.7058612833262465e-5, 0.0030745572339865995, 0.9999952724304761]) localCoord3D(Integer[2, 134, 40], [300.0, 19900.0, 3890.0], [0.9999999988927329, 0.0, -4.705883525510389e-5], [-1.4689961731978915e-7, 0.9999951277446232, -0.003121616086772986], [4.70586059724408e-5, 0.0031216160902294496, 0.9999951266373618]); … ; localCoord3D(Integer[133, 1, 40], [39600.0, -20000.0, 3890.0], [0.9999807069698848, 0.0, -0.006211737921798932], [1.9487530862743753e-5, 0.9999950789423081, 0.0031371502041059106], [0.006211707353478254, -0.003137210730407011, 0.9999757860071354]) localCoord3D(Integer[133, 2, 40], [39600.0, -19700.0, 3890.0], [0.9999807069698848, 0.0, -0.00621173792179901], [1.919521926270266e-5, 0.9999952254664727, 0.0030900931704472574], [0.00621170826364804, -0.003090152788858073, 0.9999759325284729]) … localCoord3D(Integer[133, 133, 40], [39600.0, 19600.0, 3890.0], [0.999980706969885, 0.0, -0.0062117379217989], [-1.9097975322803718e-5, 0.9999952737200999, -0.0030744386040453017], [0.006211708563386817, 0.00307449792042627, 0.9999759807811692]) localCoord3D(Integer[133, 134, 40], [39600.0, 19900.0, 3890.0], [0.999980706969885, 0.0, -0.0062117379217989195], [-1.9390286965484137e-5, 0.9999951279326104, -0.003121495644568091], [0.00621170765779316, 0.003121555868839475, 0.9999758349964925]); localCoord3D(Integer[134, 1, 40], [39900.0, -20000.0, 3890.0], [0.9999804135525668, 0.0, -0.006258794711235649], [1.9635152166153885e-5, 0.9999950789451961, 0.003137148363091418], [0.0062587639113638694, -0.003137209809886446, 0.999975492594149]) localCoord3D(Integer[134, 2, 40], [39900.0, -19700.0, 3890.0], [0.9999804135525668, 0.0, -0.006258794711235661], [1.9340626256883185e-5, 0.9999952254692748, 0.0030900913570474616], [0.00625876482842801, -0.0030901518821448617, 0.9999756391153577]) … localCoord3D(Integer[134, 133, 40], [39900.0, 19600.0, 3890.0], [0.9999804135525671, 0.0, -0.0062587947112356865], [-1.9242645677886682e-5, 0.9999952737228736, -0.0030744367998322792], [0.0062587651304374025, 0.003074497018306512, 0.9999756873680113]) localCoord3D(Integer[134, 134, 40], [39900.0, 19900.0, 3890.0], [0.999980413552567, 0.0, -0.0062587947112357125], [-1.953717163011877e-5, 0.9999951279354694, -0.0031214938127402457], [0.006258764217983997, 0.0031215549529122416, 0.999975541583463]);;; localCoord3D(Integer[1, 1, 41], [0.0, -20000.0, 3990.0], [0.9999999999999999, -0.0, 6.985143184841193e-10], [-2.191394519182374e-12, 0.9999950789068095, 0.0031372220456955388], [-6.985108810300633e-10, -0.003137222045695539, 0.9999950789068096]) localCoord3D(Integer[1, 2, 41], [0.0, -19700.0, 3990.0], [0.9999999999999999, -0.0, 6.985143216810063e-10], [-2.1585237645353334e-12, 0.999995225432031, 0.0030901639344211983], [-6.985109865769003e-10, -0.0030901639344211988, 0.9999952254320311]) … localCoord3D(Integer[1, 133, 41], [0.0, 19600.0, 3990.0], [1.0, -0.0, 6.985143006761959e-10], [2.1475885107121223e-12, 0.9999952736860062, -0.003074509009526579], [-6.985109992782818e-10, 0.00307450900952658, 0.9999952736860064]) localCoord3D(Integer[1, 134, 41], [0.0, 19900.0, 3990.0], [1.0, -0.0, 6.985142818061513e-10], [2.1804592202907494e-12, 0.9999951278974653, -0.0031215671276652026], [-6.985108785729482e-10, 0.0031215671276652018, 0.999995127897465]); localCoord3D(Integer[2, 1, 41], [300.0, -20000.0, 3990.0], [0.9999999988927676, 0.0, -4.7058097077699357e-5], [1.4763169941717725e-7, 0.9999950789068205, 0.0031372220387482844], [4.705786550041879e-5, -0.0031372220422219176, 0.9999950777995936]) localCoord3D(Integer[2, 2, 41], [300.0, -19700.0, 3990.0], [0.9999999988927677, 0.0, -4.705809707768985e-5], [1.454172342509667e-7, 0.9999952254320416, 0.0030901639275783222], [4.7057872395607374e-5, -0.0030901639309998522, 0.9999952243248148]) … localCoord3D(Integer[2, 133, 41], [300.0, 19600.0, 3990.0], [0.9999999988927678, 0.0, -4.705809707770323e-5], [-1.4468054327638675e-7, 0.9999952736860166, -0.003074509002718331], [4.705787466636099e-5, 0.0030745090061225274, 0.9999952725787897]) localCoord3D(Integer[2, 134, 41], [300.0, 19900.0, 3990.0], [0.9999999988927678, 0.0, -4.7058097077757795e-5], [-1.468950087657558e-7, 0.9999951278974759, -0.0031215671207525182], [4.705786780588425e-5, 0.0031215671242088186, 0.9999951267902492]); … ; localCoord3D(Integer[133, 1, 41], [39600.0