{
 "cells": [
  {
   "cell_type": "markdown",
   "id": "3b36c2e8",
   "metadata": {},
   "source": [
    "# This notebook can be executed after getRegionalBox.ipynb"
   ]
  },
  {
   "cell_type": "code",
   "execution_count": 1,
   "id": "afac1445",
   "metadata": {},
   "outputs": [
    {
     "name": "stderr",
     "output_type": "stream",
     "text": [
      "\u001b[32m\u001b[1m  Activating\u001b[22m\u001b[39m "
     ]
    },
    {
     "name": "stdout",
     "output_type": "stream",
     "text": [
      "devs = Metal.devices() = Metal.MTL.MTLDeviceInstance[Metal.MTL.MTLDeviceInstance (object of type AGXG13XDevice)]"
     ]
    },
    {
     "name": "stderr",
     "output_type": "stream",
     "text": [
      "project at `~/Documents/Github/flexOPT`\n"
     ]
    },
    {
     "name": "stdout",
     "output_type": "stream",
     "text": [
      "\n",
      "→ Using Metal backend (1 device(s))\n",
      "Selected backend type: MetalBackend\n",
      "  1.666555 seconds (3.83 M allocations: 173.427 MiB, 99.97% compilation time)\n"
     ]
    }
   ],
   "source": [
    "using Pkg\n",
    "using Metal\n",
    "\n",
    "cd(@__DIR__)\n",
    "Pkg.activate(\"../\")\n",
    "ParamFile = \"../config/testparam.csv\"  # maybe GeoPoints and planet1D should be fusioned\n",
    "\n",
    "# batchGPU should be at this level (I have not made it as a module yet, since the choice of Metal/CUDA should be done in a manual way)\n",
    "include(\"../src/batchFiles/batchGPU.jl\")\n",
    "\n",
    "\n",
    "include(\"../src/commonBatchs.jl\")\n",
    "include(\"../src/flexOPT.jl\")\n",
    "include(\"../src/planet1D.jl\")\n",
    "include(\"../src/GeoPoints.jl\")\n",
    "\n",
    "using .commonBatchs, .flexOPT, .planet1D, .GeoPoints"
   ]
  },
  {
   "cell_type": "markdown",
   "id": "368bf3aa",
   "metadata": {},
   "source": [
    "# give me a model of material variables (like seismic models)"
   ]
  },
  {
   "cell_type": "code",
   "execution_count": 2,
   "id": "60ee3e72",
   "metadata": {},
   "outputs": [
    {
     "name": "stdout",
     "output_type": "stream",
     "text": [
      "This is the laziest ProduceOrLoad\n",
      "Loading from ./tmp/MarmousiCoordInfo.jld2\n",
      "This is the laziest ProduceOrLoad\n",
      "Loading from ./tmp/seismicModelMarmousi.jld2\n"
     ]
    }
   ],
   "source": [
    "# what you need as a model:\n",
    "\n",
    "boxGrids = lazyProduceOrLoad(\"MarmousiCoordInfo\"); # for a big model, I do not recommend to store these data\n",
    "\n",
    "seismicModelMarmousi=lazyProduceOrLoad(\"seismicModelMarmousi\");"
   ]
  },
  {
   "cell_type": "markdown",
   "id": "b1a907db",
   "metadata": {},
   "source": [
    "# choose your physics and get the semi symbolic OPT expression(s) "
   ]
  },
  {
   "cell_type": "code",
   "execution_count": 3,
   "id": "6b0dee44",
   "metadata": {},
   "outputs": [
    {
     "name": "stdout",
     "output_type": "stream",
     "text": [
      "myEquationInside = famousEquations(famousEquationType) = (exprs = Differential(t)(Differential(t)(u(x, y, t))) - (Differential(x)(Differential(x)(u(x, y, t))) + Differential(y)(Differential(y)(u(x, y, t))))*(v(x, y)^2), fields = u(x, y, t), vars = v(x, y), extexprs = f(x, y, t), extfields = f(x, y, t), extvars = 1, coordinates = (x, y, t), ∂ = Any[Differential(x), Differential(y), Differential(t)], ∂² = Any[Differential(x) ∘ Differential(x), Differential(y) ∘ Differential(y), Differential(t) ∘ Differential(t)])\n"
     ]
    },
    {
     "data": {
      "text/plain": [
       "(exprs = Differential(t)(Differential(t)(u(x, y, t))) - (Differential(x)(Differential(x)(u(x, y, t))) + Differential(y)(Differential(y)(u(x, y, t))))*(v(x, y)^2), fields = u(x, y, t), vars = v(x, y), extexprs = f(x, y, t), extfields = f(x, y, t), extvars = 1, coordinates = (x, y, t), ∂ = Any[Differential(x), Differential(y), Differential(t)], ∂² = Any[Differential(x) ∘ Differential(x), Differential(y) ∘ Differential(y), Differential(t) ∘ Differential(t)])"
      ]
     },
     "metadata": {},
     "output_type": "display_data"
    }
   ],
   "source": [
    "famousEquationType=\"2DacousticTime\"\n",
    "@show myEquationInside=famousEquations(famousEquationType)\n"
   ]
  },
  {
   "cell_type": "code",
   "execution_count": 4,
   "id": "a80ac3bd",
   "metadata": {},
   "outputs": [
    {
     "data": {
      "text/plain": [
       "(11.485642946317103, 4.444444444444445, 1.0)"
      ]
     },
     "metadata": {},
     "output_type": "display_data"
    }
   ],
   "source": [
    "Δnum = (1.0,1.0,1.0) # this should be in the same order as myEquationInside.coordinates \n",
    "\n",
    "# or\n",
    " \n",
    "Δnum = (boxGrids.Δx,boxGrids.Δz,1.0) # hahaha this Δnum is not very good since there is no reason for the grids to be rectangular with this isotropic medium but let's try\n"
   ]
  },
  {
   "cell_type": "markdown",
   "id": "288f70a3",
   "metadata": {},
   "source": [
    "# hereafter are the parameters which are important for modellers but maybe not interesting (so default numbers are given)"
   ]
  },
  {
   "cell_type": "code",
   "execution_count": 5,
   "id": "4b0c0491",
   "metadata": {},
   "outputs": [
    {
     "data": {
      "text/plain": [
       "(orderBtime = 1, orderBspace = 1, pointsInSpace = 2, pointsInTime = 2)"
      ]
     },
     "metadata": {},
     "output_type": "display_data"
    }
   ],
   "source": [
    "# concerning the order of test B-spline functions (-1 denotes a pulse function)\n",
    "orderBtime=1\n",
    "orderBspace=1\n",
    "# the number of neighbouring points used to construct operators (except the point itself)\n",
    "pointsInSpace=2\n",
    "pointsInTime=2\n",
    "# in order to control higher order partials, we need the supplemantary order > 0, for an ill-posed inversion of Taylor coefficients\n",
    "supplementaryOrder=2\n",
    "# B-spline order for the interpolated Taylor expansion\n",
    "WorderBspace=1\n",
    "WorderBtime=1\n",
    "\n",
    "TaylorOptions=(WorderBtime=WorderBtime,WorderBspace=WorderBspace,supplementaryOrder=supplementaryOrder)\n",
    "trialFunctionsCharacteristics=(orderBtime=orderBtime,orderBspace=orderBspace,pointsInSpace=pointsInSpace,pointsInTime=pointsInTime)\n",
    "\n"
   ]
  },
  {
   "cell_type": "code",
   "execution_count": 6,
   "id": "d0474902",
   "metadata": {},
   "outputs": [
    {
     "name": "stdout",
     "output_type": "stream",
     "text": [
      "(bigα, varM) = (Any[Any[(node = -(v(x, y)^2), nᶜ = CartesianIndex(1, 1, 1), n = CartesianIndex(3, 1, 1)), (node = -(v(x, y)^2), nᶜ = CartesianIndex(1, 1, 1), n = CartesianIndex(1, 3, 1)), (node = 1, nᶜ = CartesianIndex(1, 1, 1), n = CartesianIndex(1, 1, 3))];;], Any[v₁ v₂ v₃ v₄ v₅ v₆ v₇ v₈ v₉ v₁ v₂ v₃ v₄ v₅ v₆ v₇ v₈ v₉ v₁ v₂ v₃ v₄ v₅ v₆ v₇ v₈ v₉])\n"
     ]
    },
    {
     "name": "stderr",
     "output_type": "stream",
     "text": [
      "┌ Info: File /Users/nobuaki/Documents/Github/flexOPT/data/taylorCoefInv/taylorCoefInv_13de2d0c.jld2 does not exist. Producing it now...\n",
      "└ @ DrWatson /Users/nobuaki/.julia/packages/DrWatson/2QF5p/src/saving_files.jl:106\n"
     ]
    },
    {
     "name": "stdout",
     "output_type": "stream",
     "text": [
      "modifiedμ_vector = Float64.(car2vec(μpointsIndices[μ_oneD])) = [1.0, 1.0, 1.0]\n",
      "(typeof(aa), aa, size(aa)) = (Matrix{Float64}, [1.0 1.0 1.0 1.0 1.0 1.0 1.0 1.0 1.0 1.0 1.0 1.0 1.0 1.0 1.0 1.0 1.0 1.0 1.0 1.0 1.0 1.0 1.0 1.0 1.0 1.0 1.0; 1.0 594054.84643979 8.940631796556378e6 1.0 594054.84643979 8.940631796556378e6 1.0 594054.84643979 8.940631796556378e6 1.0 594054.84643979 8.940631796556378e6 1.0 594054.84643979 8.940631796556378e6 1.0 594054.84643979 8.940631796556378e6 1.0 594054.84643979 8.940631796556378e6 1.0 594054.84643979 8.940631796556378e6 1.0 594054.84643979 8.940631796556378e6; 1.0 8.940631796556378e6 1.3875616367000288e8 1.0 8.940631796556378e6 1.3875616367000288e8 1.0 8.940631796556378e6 1.3875616367000288e8 1.0 8.940631796556378e6 1.3875616367000288e8 1.0 8.940631796556378e6 1.3875616367000288e8 1.0 8.940631796556378e6 1.3875616367000288e8 1.0 8.940631796556378e6 1.3875616367000288e8 1.0 8.940631796556378e6 1.3875616367000288e8 1.0 8.940631796556378e6 1.3875616367000288e8; 1.0 1.0 1.0 596.7044527916025 596.7044527916025 596.7044527916025 6372.43107007952 6372.43107007952 6372.43107007952 1.0 1.0 1.0 596.7044527916025 596.7044527916025 596.7044527916025 6372.43107007952 6372.43107007952 6372.43107007952 1.0 1.0 1.0 596.7044527916025 596.7044527916025 596.7044527916025 6372.43107007952 6372.43107007952 6372.43107007952; 1.0 594054.84643979 8.940631796556378e6 596.7044527916025 3.544751720730544e8 5.334914803775375e9 6372.43107007952 3.7855735607842355e9 5.697355984651673e10 1.0 594054.84643979 8.940631796556378e6 596.7044527916025 3.544751720730544e8 5.334914803775375e9 6372.43107007952 3.7855735607842355e9 5.697355984651673e10 1.0 594054.84643979 8.940631796556378e6 596.7044527916025 3.544751720730544e8 5.334914803775375e9 6372.43107007952 3.7855735607842355e9 5.697355984651673e10; 1.0 8.940631796556378e6 1.3875616367000288e8 596.7044527916025 5.334914803775375e9 8.279642071417111e10 6372.43107007952 5.697355984651673e10 8.842140885357654e11 1.0 8.940631796556378e6 1.3875616367000288e8 596.7044527916025 5.334914803775375e9 8.279642071417111e10 6372.43107007952 5.697355984651673e10 8.842140885357654e11 1.0 8.940631796556378e6 1.3875616367000288e8 596.7044527916025 5.334914803775375e9 8.279642071417111e10 6372.43107007952 5.697355984651673e10 8.842140885357654e11; 1.0 1.0 1.0 6372.43107007952 6372.43107007952 6372.43107007952 83006.64806111742 83006.64806111742 83006.64806111742 1.0 1.0 1.0 6372.43107007952 6372.43107007952 6372.43107007952 83006.64806111742 83006.64806111742 83006.64806111742 1.0 1.0 1.0 6372.43107007952 6372.43107007952 6372.43107007952 83006.64806111742 83006.64806111742 83006.64806111742; 1.0 594054.84643979 8.940631796556378e6 6372.43107007952 3.7855735607842355e9 5.697355984651673e10 83006.64806111742 4.9310501567428795e10 7.421318769807911e11 1.0 594054.84643979 8.940631796556378e6 6372.43107007952 3.7855735607842355e9 5.697355984651673e10 83006.64806111742 4.9310501567428795e10 7.421318769807911e11 1.0 594054.84643979 8.940631796556378e6 6372.43107007952 3.7855735607842355e9 5.697355984651673e10 83006.64806111742 4.9310501567428795e10 7.421318769807911e11; 1.0 8.940631796556378e6 1.3875616367000288e8 6372.43107007952 5.697355984651673e10 8.842140885357654e11 83006.64806111742 7.421318769807911e11 1.1517684044066734e13 1.0 8.940631796556378e6 1.3875616367000288e8 6372.43107007952 5.697355984651673e10 8.842140885357654e11 83006.64806111742 7.421318769807911e11 1.1517684044066734e13 1.0 8.940631796556378e6 1.3875616367000288e8 6372.43107007952 5.697355984651673e10 8.842140885357654e11 83006.64806111742 7.421318769807911e11 1.1517684044066734e13; 1.0 1.0 1.0 1.0 1.0 1.0 1.0 1.0 1.0 2.279513888888889 2.279513888888889 2.279513888888889 2.279513888888889 2.279513888888889 2.279513888888889 2.279513888888889 2.279513888888889 2.279513888888889 4.25 4.25 4.25 4.25 4.25 4.25 4.25 4.25 4.25; 1.0 594054.84643979 8.940631796556378e6 1.0 594054.84643979 8.940631796556378e6 1.0 594054.84643979 8.940631796556378e6 2.279513888888889 1.3541562732212571e6 2.0380294355691876e7 2.279513888888889 1.3541562732212571e6 2.0380294355691876e7 2.279513888888889 1.3541562732212571e6 2.0380294355691876e7 4.25 2.524733097369108e6 3.7997685135364614e7 4.25 2.524733097369108e6 3.7997685135364614e7 4.25 2.524733097369108e6 3.7997685135364614e7; 1.0 8.940631796556378e6 1.3875616367000288e8 1.0 8.940631796556378e6 1.3875616367000288e8 1.0 8.940631796556378e6 1.3875616367000288e8 2.279513888888889 2.0380294355691876e7 3.1629660225471133e8 2.279513888888889 2.0380294355691876e7 3.1629660225471133e8 2.279513888888889 2.0380294355691876e7 3.1629660225471133e8 4.25 3.7997685135364614e7 5.897136955975124e8 4.25 3.7997685135364614e7 5.897136955975124e8 4.25 3.7997685135364614e7 5.897136955975124e8; 1.0 1.0 1.0 596.7044527916025 596.7044527916025 596.7044527916025 6372.43107007952 6372.43107007952 6372.43107007952 2.279513888888889 2.279513888888889 2.279513888888889 1360.1960877003025 1360.1960877003025 1360.1960877003025 14526.045130233353 14526.045130233353 14526.045130233353 4.25 4.25 4.25 2535.9939243643107 2535.9939243643107 2535.9939243643107 27082.83204783796 27082.83204783796 27082.83204783796; 1.0 594054.84643979 8.940631796556378e6 596.7044527916025 3.544751720730544e8 5.334914803775375e9 6372.43107007952 3.7855735607842355e9 5.697355984651673e10 2.279513888888889 1.3541562732212571e6 2.0380294355691876e7 1360.1960877003025 8.080310780068069e8 1.2161012391244913e10 14526.045130233353 8.629267509218227e9 1.2987202096957722e11 4.25 2.524733097369108e6 3.7997685135364614e7 2535.9939243643107 1.5065194813104815e9 2.267338791604535e10 27082.83204783796 1.6088687633333006e10 2.42137629347696e11; 1.0 8.940631796556378e6 1.3875616367000288e8 596.7044527916025 5.334914803775375e9 8.279642071417111e10 6372.43107007952 5.697355984651673e10 8.842140885357654e11 2.279513888888889 2.0380294355691876e7 3.1629660225471133e8 1360.1960877003025 1.2161012391244913e10 1.8873559096824078e11 14526.045130233353 1.2987202096957722e11 2.0155782955685076e12 4.25 3.7997685135364614e7 5.897136955975124e8 2535.9939243643107 2.267338791604535e10 3.51884788035227e11 27082.83204783796 2.42137629347696e11 3.7579098762770024e12; 1.0 1.0 1.0 6372.43107007952 6372.43107007952 6372.43107007952 83006.64806111742 83006.64806111742 83006.64806111742 2.279513888888889 2.279513888888889 2.279513888888889 14526.045130233353 14526.045130233353 14526.045130233353 189214.80712542913 189214.80712542913 189214.80712542913 4.25 4.25 4.25 27082.83204783796 27082.83204783796 27082.83204783796 352778.2542597491 352778.2542597491 352778.2542597491; 1.0 594054.84643979 8.940631796556378e6 6372.43107007952 3.7855735607842355e9 5.697355984651673e10 83006.64806111742 4.9310501567428795e10 7.421318769807911e11 2.279513888888889 1.3541562732212571e6 2.0380294355691876e7 14526.045130233353 8.629267509218227e9 1.2987202096957722e11 189214.80712542913 1.1240397319103123e11 1.691699920964894e12 4.25 2.524733097369108e6 3.7997685135364614e7 27082.83204783796 1.6088687633333006e10 2.42137629347696e11 352778.2542597491 2.0956963166157236e11 3.154060477168362e12; 1.0 8.940631796556378e6 1.3875616367000288e8 6372.43107007952 5.697355984651673e10 8.842140885357654e11 83006.64806111742 7.421318769807911e11 1.1517684044066734e13 2.279513888888889 2.0380294355691876e7 3.1629660225471133e8 14526.045130233353 1.2987202096957722e11 2.0155782955685076e12 189214.80712542913 1.691699920964894e12 2.6254720746284062e13 4.25 3.7997685135364614e7 5.897136955975124e8 27082.83204783796 2.42137629347696e11 3.7579098762770024e12 352778.2542597491 3.154060477168362e12 4.895015718728361e13; 1.0 1.0 1.0 1.0 1.0 1.0 1.0 1.0 1.0 4.25 4.25 4.25 4.25 4.25 4.25 4.25 4.25 4.25 11.222222222222221 11.222222222222221 11.222222222222221 11.222222222222221 11.222222222222221 11.222222222222221 11.222222222222221 11.222222222222221 11.222222222222221; 1.0 594054.84643979 8.940631796556378e6 1.0 594054.84643979 8.940631796556378e6 1.0 594054.84643979 8.940631796556378e6 4.25 2.524733097369108e6 3.7997685135364614e7 4.25 2.524733097369108e6 3.7997685135364614e7 4.25 2.524733097369108e6 3.7997685135364614e7 11.222222222222221 6.666615498935422e6 1.0033375682802156e8 11.222222222222221 6.666615498935422e6 1.0033375682802156e8 11.222222222222221 6.666615498935422e6 1.0033375682802156e8; 1.0 8.940631796556378e6 1.3875616367000288e8 1.0 8.940631796556378e6 1.3875616367000288e8 1.0 8.940631796556378e6 1.3875616367000288e8 4.25 3.7997685135364614e7 5.897136955975124e8 4.25 3.7997685135364614e7 5.897136955975124e8 4.25 3.7997685135364614e7 5.897136955975124e8 11.222222222222221 1.0033375682802156e8 1.5571525034078097e9 11.222222222222221 1.0033375682802156e8 1.5571525034078097e9 11.222222222222221 1.0033375682802156e8 1.5571525034078097e9; 1.0 1.0 1.0 596.7044527916025 596.7044527916025 596.7044527916025 6372.43107007952 6372.43107007952 6372.43107007952 4.25 4.25 4.25 2535.9939243643107 2535.9939243643107 2535.9939243643107 27082.83204783796 27082.83204783796 27082.83204783796 11.222222222222221 11.222222222222221 11.222222222222221 6696.349970216872 6696.349970216872 6696.349970216872 71512.83756422573 71512.83756422573 71512.83756422573; 1.0 594054.84643979 8.940631796556378e6 596.7044527916025 3.544751720730544e8 5.334914803775375e9 6372.43107007952 3.7855735607842355e9 5.697355984651673e10 4.25 2.524733097369108e6 3.7997685135364614e7 2535.9939243643107 1.5065194813104815e9 2.267338791604535e10 27082.83204783796 1.6088687633333006e10 2.42137629347696e11 11.222222222222221 6.666615498935422e6 1.0033375682802156e8 6696.349970216872 3.977999153264277e9 5.986959946459034e10 71512.83756422573 4.248254773768975e10 6.393699493886877e11; 1.0 8.940631796556378e6 1.3875616367000288e8 596.7044527916025 5.334914803775375e9 8.279642071417111e10 6372.43107007952 5.697355984651673e10 8.842140885357654e11 4.25 3.7997685135364614e7 5.897136955975124e8 2535.9939243643107 2.267338791604535e10 3.51884788035227e11 27082.83204783796 2.42137629347696e11 3.7579098762770024e12 11.222222222222221 1.0033375682802156e8 1.5571525034078097e9 6696.349970216872 5.986959946459034e10 9.291598324590315e11 71512.83756422573 6.393699493886877e11 9.92284699356803e12; 1.0 1.0 1.0 6372.43107007952 6372.43107007952 6372.43107007952 83006.64806111742 83006.64806111742 83006.64806111742 4.25 4.25 4.25 27082.83204783796 27082.83204783796 27082.83204783796 352778.2542597491 352778.2542597491 352778.2542597491 11.222222222222221 11.222222222222221 11.222222222222221 71512.83756422573 71512.83756422573 71512.83756422573 931519.0504636512 931519.0504636512 931519.0504636512; 1.0 594054.84643979 8.940631796556378e6 6372.43107007952 3.7855735607842355e9 5.697355984651673e10 83006.64806111742 4.9310501567428795e10 7.421318769807911e11 4.25 2.524733097369108e6 3.7997685135364614e7 27082.83204783796 1.6088687633333006e10 2.42137629347696e11 352778.2542597491 2.0956963166157236e11 3.154060477168362e12 11.222222222222221 6.666615498935422e6 1.0033375682802156e8 71512.83756422573 4.248254773768975e10 6.393699493886877e11 931519.0504636512 5.533734064789231e11 8.328368841673323e12; 1.0 8.940631796556378e6 1.3875616367000288e8 6372.43107007952 5.697355984651673e10 8.842140885357654e11 83006.64806111742 7.421318769807911e11 1.1517684044066734e13 4.25 3.7997685135364614e7 5.897136955975124e8 27082.83204783796 2.42137629347696e11 3.7579098762770024e12 352778.2542597491 3.154060477168362e12 4.895015718728361e13 11.222222222222221 1.0033375682802156e8 1.5571525034078097e9 71512.83756422573 6.393699493886877e11 9.92284699356803e12 931519.0504636512 8.328368841673323e12 1.2925400982785998e14], (27, 27))\n",
      "modifiedμ_vector = Float64.(car2vec(μpointsIndices[μ_oneD])) = [2.0, 1.0, 1.0]\n",
      "(typeof(aa), aa, size(aa)) = (Matrix{Float64}, [594054.84643979 1.0 466247.20340156916 594054.84643979 1.0 466247.20340156916 594054.84643979 1.0 466247.20340156916 594054.84643979 1.0 466247.20340156916 594054.84643979 1.0 466247.20340156916 594054.84643979 1.0 466247.20340156916 594054.84643979 1.0 466247.20340156916 594054.84643979 1.0 466247.20340156916 594054.84643979 1.0 466247.20340156916; 1.0 1.0 1.0 1.0 1.0 1.0 1.0 1.0 1.0 1.0 1.0 1.0 1.0 1.0 1.0 1.0 1.0 1.0 1.0 1.0 1.0 1.0 1.0 1.0 1.0 1.0 1.0; 466247.20340156916 1.0 594054.84643979 466247.20340156916 1.0 594054.84643979 466247.20340156916 1.0 594054.84643979 466247.20340156916 1.0 594054.84643979 466247.20340156916 1.0 594054.84643979 466247.20340156916 1.0 594054.84643979 466247.20340156916 1.0 594054.84643979 466247.20340156916 1.0 594054.84643979 466247.20340156916 1.0 594054.84643979; 594054.84643979 1.0 466247.20340156916 3.544751720730544e8 596.7044527916025 2.782117823713483e8 3.7855735607842355e9 6372.43107007952 2.9711281652938447e9 594054.84643979 1.0 466247.20340156916 3.544751720730544e8 596.7044527916025 2.782117823713483e8 3.7855735607842355e9 6372.43107007952 2.9711281652938447e9 594054.84643979 1.0 466247.20340156916 3.544751720730544e8 596.7044527916025 2.782117823713483e8 3.7855735607842355e9 6372.43107007952 2.9711281652938447e9; 1.0 1.0 1.0 596.7044527916025 596.7044527916025 596.7044527916025 6372.43107007952 6372.43107007952 6372.43107007952 1.0 1.0 1.0 596.7044527916025 596.7044527916025 596.7044527916025 6372.43107007952 6372.43107007952 6372.43107007952 1.0 1.0 1.0 596.7044527916025 596.7044527916025 596.7044527916025 6372.43107007952 6372.43107007952 6372.43107007952; 466247.20340156916 1.0 594054.84643979 2.782117823713483e8 596.7044527916025 3.544751720730544e8 2.9711281652938447e9 6372.43107007952 3.7855735607842355e9 466247.20340156916 1.0 594054.84643979 2.782117823713483e8 596.7044527916025 3.544751720730544e8 2.9711281652938447e9 6372.43107007952 3.7855735607842355e9 466247.20340156916 1.0 594054.84643979 2.782117823713483e8 596.7044527916025 3.544751720730544e8 2.9711281652938447e9 6372.43107007952 3.7855735607842355e9; 594054.84643979 1.0 466247.20340156916 3.7855735607842355e9 6372.43107007952 2.9711281652938447e9 4.9310501567428795e10 83006.64806111742 3.8701617522234276e10 594054.84643979 1.0 466247.20340156916 3.7855735607842355e9 6372.43107007952 2.9711281652938447e9 4.9310501567428795e10 83006.64806111742 3.8701617522234276e10 594054.84643979 1.0 466247.20340156916 3.7855735607842355e9 6372.43107007952 2.9711281652938447e9 4.9310501567428795e10 83006.64806111742 3.8701617522234276e10; 1.0 1.0 1.0 6372.43107007952 6372.43107007952 6372.43107007952 83006.64806111742 83006.64806111742 83006.64806111742 1.0 1.0 1.0 6372.43107007952 6372.43107007952 6372.43107007952 83006.64806111742 83006.64806111742 83006.64806111742 1.0 1.0 1.0 6372.43107007952 6372.43107007952 6372.43107007952 83006.64806111742 83006.64806111742 83006.64806111742; 466247.20340156916 1.0 594054.84643979 2.9711281652938447e9 6372.43107007952 3.7855735607842355e9 3.8701617522234276e10 83006.64806111742 4.9310501567428795e10 466247.20340156916 1.0 594054.84643979 2.9711281652938447e9 6372.43107007952 3.7855735607842355e9 3.8701617522234276e10 83006.64806111742 4.9310501567428795e10 466247.20340156916 1.0 594054.84643979 2.9711281652938447e9 6372.43107007952 3.7855735607842355e9 3.8701617522234276e10 83006.64806111742 4.9310501567428795e10; 594054.84643979 1.0 466247.20340156916 594054.84643979 1.0 466247.20340156916 594054.84643979 1.0 466247.20340156916 1.3541562732212571e6 2.279513888888889 1.0628169758094794e6 1.3541562732212571e6 2.279513888888889 1.0628169758094794e6 1.3541562732212571e6 2.279513888888889 1.0628169758094794e6 2.524733097369108e6 4.25 1.9815506144566685e6 2.524733097369108e6 4.25 1.9815506144566685e6 2.524733097369108e6 4.25 1.9815506144566685e6; 1.0 1.0 1.0 1.0 1.0 1.0 1.0 1.0 1.0 2.279513888888889 2.279513888888889 2.279513888888889 2.279513888888889 2.279513888888889 2.279513888888889 2.279513888888889 2.279513888888889 2.279513888888889 4.25 4.25 4.25 4.25 4.25 4.25 4.25 4.25 4.25; 466247.20340156916 1.0 594054.84643979 466247.20340156916 1.0 594054.84643979 466247.20340156916 1.0 594054.84643979 1.0628169758094794e6 2.279513888888889 1.3541562732212571e6 1.0628169758094794e6 2.279513888888889 1.3541562732212571e6 1.0628169758094794e6 2.279513888888889 1.3541562732212571e6 1.9815506144566685e6 4.25 2.524733097369108e6 1.9815506144566685e6 4.25 2.524733097369108e6 1.9815506144566685e6 4.25 2.524733097369108e6; 594054.84643979 1.0 466247.20340156916 3.544751720730544e8 596.7044527916025 2.782117823713483e8 3.7855735607842355e9 6372.43107007952 2.9711281652938447e9 1.3541562732212571e6 2.279513888888889 1.0628169758094794e6 8.080310780068069e8 1360.1960877003025 6.341876219680219e8 8.629267509218227e9 14526.045130233353 6.7727279184562845e9 2.524733097369108e6 4.25 1.9815506144566685e6 1.5065194813104815e9 2535.9939243643107 1.1824000750782301e9 1.6088687633333006e10 27082.83204783796 1.2627294702498842e10; 1.0 1.0 1.0 596.7044527916025 596.7044527916025 596.7044527916025 6372.43107007952 6372.43107007952 6372.43107007952 2.279513888888889 2.279513888888889 2.279513888888889 1360.1960877003025 1360.1960877003025 1360.1960877003025 14526.045130233353 14526.045130233353 14526.045130233353 4.25 4.25 4.25 2535.9939243643107 2535.9939243643107 2535.9939243643107 27082.83204783796 27082.83204783796 27082.83204783796; 466247.20340156916 1.0 594054.84643979 2.782117823713483e8 596.7044527916025 3.544751720730544e8 2.9711281652938447e9 6372.43107007952 3.7855735607842355e9 1.0628169758094794e6 2.279513888888889 1.3541562732212571e6 6.341876219680219e8 1360.1960877003025 8.080310780068069e8 6.7727279184562845e9 14526.045130233353 8.629267509218227e9 1.9815506144566685e6 4.25 2.524733097369108e6 1.1824000750782301e9 2535.9939243643107 1.5065194813104815e9 1.2627294702498842e10 27082.83204783796 1.6088687633333006e10; 594054.84643979 1.0 466247.20340156916 3.7855735607842355e9 6372.43107007952 2.9711281652938447e9 4.9310501567428795e10 83006.64806111742 3.8701617522234276e10 1.3541562732212571e6 2.279513888888889 1.0628169758094794e6 8.629267509218227e9 14526.045130233353 6.7727279184562845e9 1.1240397319103123e11 189214.80712542913 8.82208746643986e10 2.524733097369108e6 4.25 1.9815506144566685e6 1.6088687633333006e10 27082.83204783796 1.2627294702498842e10 2.0956963166157236e11 352778.2542597491 1.6448187446949564e11; 1.0 1.0 1.0 6372.43107007952 6372.43107007952 6372.43107007952 83006.64806111742 83006.64806111742 83006.64806111742 2.279513888888889 2.279513888888889 2.279513888888889 14526.045130233353 14526.045130233353 14526.045130233353 189214.80712542913 189214.80712542913 189214.80712542913 4.25 4.25 4.25 27082.83204783796 27082.83204783796 27082.83204783796 352778.2542597491 352778.2542597491 352778.2542597491; 466247.20340156916 1.0 594054.84643979 2.9711281652938447e9 6372.43107007952 3.7855735607842355e9 3.8701617522234276e10 83006.64806111742 4.9310501567428795e10 1.0628169758094794e6 2.279513888888889 1.3541562732212571e6 6.7727279184562845e9 14526.045130233353 8.629267509218227e9 8.82208746643986e10 189214.80712542913 1.1240397319103123e11 1.9815506144566685e6 4.25 2.524733097369108e6 1.2627294702498842e10 27082.83204783796 1.6088687633333006e10 1.6448187446949564e11 352778.2542597491 2.0956963166157236e11; 594054.84643979 1.0 466247.20340156916 594054.84643979 1.0 466247.20340156916 594054.84643979 1.0 466247.20340156916 2.524733097369108e6 4.25 1.9815506144566685e6 2.524733097369108e6 4.25 1.9815506144566685e6 2.524733097369108e6 4.25 1.9815506144566685e6 6.666615498935422e6 11.222222222222221 5.232329727062054e6 6.666615498935422e6 11.222222222222221 5.232329727062054e6 6.666615498935422e6 11.222222222222221 5.232329727062054e6; 1.0 1.0 1.0 1.0 1.0 1.0 1.0 1.0 1.0 4.25 4.25 4.25 4.25 4.25 4.25 4.25 4.25 4.25 11.222222222222221 11.222222222222221 11.222222222222221 11.222222222222221 11.222222222222221 11.222222222222221 11.222222222222221 11.222222222222221 11.222222222222221; 466247.20340156916 1.0 594054.84643979 466247.20340156916 1.0 594054.84643979 466247.20340156916 1.0 594054.84643979 1.9815506144566685e6 4.25 2.524733097369108e6 1.9815506144566685e6 4.25 2.524733097369108e6 1.9815506144566685e6 4.25 2.524733097369108e6 5.232329727062054e6 11.222222222222221 6.666615498935422e6 5.232329727062054e6 11.222222222222221 6.666615498935422e6 5.232329727062054e6 11.222222222222221 6.666615498935422e6; 594054.84643979 1.0 466247.20340156916 3.544751720730544e8 596.7044527916025 2.782117823713483e8 3.7855735607842355e9 6372.43107007952 2.9711281652938447e9 2.524733097369108e6 4.25 1.9815506144566685e6 1.5065194813104815e9 2535.9939243643107 1.1824000750782301e9 1.6088687633333006e10 27082.83204783796 1.2627294702498842e10 6.666615498935422e6 11.222222222222221 5.232329727062054e6 3.977999153264277e9 6696.349970216872 3.122154446611798e9 4.248254773768975e10 71512.83756422573 3.3342660521630924e10; 1.0 1.0 1.0 596.7044527916025 596.7044527916025 596.7044527916025 6372.43107007952 6372.43107007952 6372.43107007952 4.25 4.25 4.25 2535.9939243643107 2535.9939243643107 2535.9939243643107 27082.83204783796 27082.83204783796 27082.83204783796 11.222222222222221 11.222222222222221 11.222222222222221 6696.349970216872 6696.349970216872 6696.349970216872 71512.83756422573 71512.83756422573 71512.83756422573; 466247.20340156916 1.0 594054.84643979 2.782117823713483e8 596.7044527916025 3.544751720730544e8 2.9711281652938447e9 6372.43107007952 3.7855735607842355e9 1.9815506144566685e6 4.25 2.524733097369108e6 1.1824000750782301e9 2535.9939243643107 1.5065194813104815e9 1.2627294702498842e10 27082.83204783796 1.6088687633333006e10 5.232329727062054e6 11.222222222222221 6.666615498935422e6 3.122154446611798e9 6696.349970216872 3.977999153264277e9 3.3342660521630924e10 71512.83756422573 4.248254773768975e10; 594054.84643979 1.0 466247.20340156916 3.7855735607842355e9 6372.43107007952 2.9711281652938447e9 4.9310501567428795e10 83006.64806111742 3.8701617522234276e10 2.524733097369108e6 4.25 1.9815506144566685e6 1.6088687633333006e10 27082.83204783796 1.2627294702498842e10 2.0956963166157236e11 352778.2542597491 1.6448187446949564e11 6.666615498935422e6 11.222222222222221 5.232329727062054e6 4.248254773768975e10 71512.83756422573 3.3342660521630924e10 5.533734064789231e11 931519.0504636512 4.3431815219396265e11; 1.0 1.0 1.0 6372.43107007952 6372.43107007952 6372.43107007952 83006.64806111742 83006.64806111742 83006.64806111742 4.25 4.25 4.25 27082.83204783796 27082.83204783796 27082.83204783796 352778.2542597491 352778.2542597491 352778.2542597491 11.222222222222221 11.222222222222221 11.222222222222221 71512.83756422573 71512.83756422573 71512.83756422573 931519.0504636512 931519.0504636512 931519.0504636512; 466247.20340156916 1.0 594054.84643979 2.9711281652938447e9 6372.43107007952 3.7855735607842355e9 3.8701617522234276e10 83006.64806111742 4.9310501567428795e10 1.9815506144566685e6 4.25 2.524733097369108e6 1.2627294702498842e10 27082.83204783796 1.6088687633333006e10 1.6448187446949564e11 352778.2542597491 2.0956963166157236e11 5.232329727062054e6 11.222222222222221 6.666615498935422e6 3.3342660521630924e10 71512.83756422573 4.248254773768975e10 4.3431815219396265e11 931519.0504636512 5.533734064789231e11], (27, 27))\n",
      "modifiedμ_vector = Float64.(car2vec(μpointsIndices[μ_oneD])) = [3.0, 1.0, 1.0]\n",
