{
 "cells": [
  {
   "attachments": {},
   "cell_type": "markdown",
   "id": "36ba2546",
   "metadata": {},
   "source": [
    "# constructing 2D/3D local box using GeoPoints.jl \n",
    "\n",
    "Nobuaki Fuji (IPGP/UPC/IUF) December 2025"
   ]
  },
  {
   "cell_type": "markdown",
   "id": "5d7a85f7",
   "metadata": {},
   "source": [
    "you can also see how to use lazyProduceOrLoad, which is not safe solution but when debugging, it's cool! (but don't write a biiiig jdl2 neither!)"
   ]
  },
  {
   "cell_type": "code",
   "execution_count": 1,
   "id": "e5a8da10",
   "metadata": {},
   "outputs": [
    {
     "name": "stderr",
     "output_type": "stream",
     "text": [
      "\u001b[32m\u001b[1m  Activating\u001b[22m\u001b[39m "
     ]
    },
    {
     "name": "stdout",
     "output_type": "stream",
     "text": [
      "  1.694275 seconds (3.84 M allocations: 173.686 MiB, 1.62% gc time, 99.92% compilation time)\n"
     ]
    },
    {
     "name": "stderr",
     "output_type": "stream",
     "text": [
      "project at `~/Documents/Github/flexOPT`\n"
     ]
    }
   ],
   "source": [
    "using Pkg\n",
    "\n",
    "cd(@__DIR__)\n",
    "Pkg.activate(\"../\")\n",
    "ParamFile = \"../config/testparam.csv\"\n",
    "\n",
    "include(\"../src/commonBatchs.jl\")\n",
    "include(\"../src/planet1D.jl\")\n",
    "include(\"../src/GeoPoints.jl\")\n",
    "\n",
    "using .commonBatchs, .planet1D, .GeoPoints\n",
    "using Colors"
   ]
  },
  {
   "cell_type": "code",
   "execution_count": 2,
   "id": "5acc4428",
   "metadata": {},
   "outputs": [
    {
     "data": {
      "text/plain": [
       "Ellipsoid(Earth)"
      ]
     },
     "metadata": {},
     "output_type": "display_data"
    }
   ],
   "source": [
    "set_default_planet!(:Earth) # if you wish to go to other telluric bodies, otherwise this is not necessary"
   ]
  },
  {
   "cell_type": "code",
   "execution_count": 3,
   "id": "11c224fb",
   "metadata": {},
   "outputs": [
    {
     "data": {
      "text/plain": [
       "-100000.0"
      ]
     },
     "metadata": {},
     "output_type": "display_data"
    }
   ],
   "source": [
    "# two (extreme) points that can define the slice (or the x-y local plane for 3D box)\n",
    "p1 = GeoPoint(48.8566,2.3522) # Paris (latitude, longitude)\n",
    "p2 = GeoPoint(42.8,1.5) # Tarascon (à peu près)\n",
    "\n",
    "\n",
    "Δx = 100.0 # in metre\n",
    "Δz = 100.0\n",
    "\n",
    "altMax = 10.e3 # in metre\n",
    "altMin = -100.e3 # in metre\n",
    "\n",
    "# altMax and altMin are measured from the middle point at p1 and p2 (but the planet's surface normally), the user can change the option hidden in constructLocalBox"
   ]
  },
  {
   "cell_type": "code",
   "execution_count": 4,
   "id": "6f336e9e",
   "metadata": {},
   "outputs": [
    {
     "name": "stdout",
     "output_type": "stream",
     "text": [
      "p1 = GeoPoint(48.8566, 2.3522, 0.0, [4.200914795649138e6, 172559.77631070156, 4.780081341967356e6], 6.366053693814456e6)\n"
     ]
    },
    {
     "data": {
      "text/plain": [
       "GeoPoint(48.8566, 2.3522, 0.0, [4.200914795649138e6, 172559.77631070156, 4.780081341967356e6], 6.366053693814456e6)"
      ]
     },
     "metadata": {},
     "output_type": "display_data"
    }
   ],
   "source": [
    "@show p1 # GeoPoint has some attributes"
   ]
  },
  {
   "cell_type": "code",
   "execution_count": 5,
   "id": "6dc9f582",
   "metadata": {},
   "outputs": [
    {
     "data": {
      "text/plain": [
       "(GeoPoint[GeoPoint(48.902921501041355, 2.3590224318717534, -89745.1594792945, [4.1380740743336356e6, 170472.05638725864, 4.7158373711397825e6], 6.276291889142796e6) GeoPoint(48.9028695608542, 2.359014732850996, -89645.32331843738, [4.1381439556224435e6, 170474.37821651908, 4.715908863898741e6], 6.276391743962576e6) … GeoPoint(48.846817661391015, 2.3507151908714294, 19977.871839904237, [4.214873610733294e6, 173023.74674448266, 4.794407913234886e6], 6.3860350774077885e6) GeoPoint(48.84676748811989, 2.3507077697726615, 20077.71358180186, [4.214943492022102e6, 173026.06857374308, 4.794479405993844e6], 6.386134937177936e6); GeoPoint(48.90201580658621, 2.358879698228112, -89750.88059870013, [4.1381455109377312e6, 170464.6729623241, 4.715767784527338e6], 6.276286503340023e6) GeoPoint(48.90196388072739, 2.358872001748998, -89651.04434692362, [4.138215392226539e6, 170466.99479158456, 4.715839277286297e6], 6.276386358245488e6) … GeoPoint(48.84592744594503, 2.3505751970690194, 19972.248929444777, [4.21494504733739e6, 173016.3633195481, 4.794338326622441e6], 6.386029784159418e6) GeoPoint(48.84587728651853, 2.350567778415513, 20072.09075917334, [4.215014928626197e6, 173018.68514880855, 4.794409819381399e6], 6.386129644012335e6); … ; GeoPoint(42.76037416683731, 1.4946049809672286, -92046.78491896013, [4.6209140814175205e6, 120567.48725469393, 4.245501457628039e6], 6.276278044633415e6) GeoPoint(42.760420020574685, 1.4946111577830088, -91946.91225265959, [4.620983962706328e6, 120569.80908395437, 4.245572950386997e6], 6.276377899673455e6) … GeoPoint(42.80990118959258, 1.5012824048104731, 17715.68110731072, [4.697713617817179e6, 123119.17761191793, 4.324071999723142e6], 6.386021470815025e6) GeoPoint(42.809945479066734, 1.501288381281533, 17815.558117976525, [4.697783499105987e6, 123121.49944117837, 4.3241434924821e6], 6.386121330797938e6); GeoPoint(42.75946585064651, 1.4944904009952953, -92041.73933055149, [4.620985518021617e6, 120560.10382975938, 4.245431871015594e6], 6.276283427940131e6) GeoPoint(42.75951171882206, 1.4944965794489538, -91941.8667445833, [4.621055399310424e6, 120562.42565901982, 4.245503363774552e6], 6.276383282894524e6) … GeoPoint(42.809008469328674, 1.5011695971429588, 17720.639929236277, [4.697785054421275e6, 123111.79418698339, 4.324002413110698e6], 6.38602676160999e6) GeoPoint(42.80905277275047, 1.5011755752017872, 17820.516862307417, [4.697854935710083e6, 123114.11601624383, 4.324073905869655e6], 6.38612662151017e6)], localCoord2D[localCoord2D(Integer[1, 1], [-338048.5156153419, -100000.0], [0.9985481746795689, 0.05386597111443799], [-0.05386597111443206, 0.9985481746794589]) localCoord2D(Integer[1, 2], [-338048.5156153419, -99900.0], [0.9985482209086745, 0.053865114128918645], [-0.05386511412891271, 0.9985482209085644]) … localCoord2D(Integer[1, 1100], [-338048.5156153419, 9900.0], [0.998597679524223, 0.05294029135580301], [-0.05294029135579739, 0.9985976795241169]) localCoord2D(Integer[1, 1101], [-338048.5156153419, 10000.0], [0.9985977234107454, 0.05293946353030629], [-0.05293946353030067, 0.9985977234106393]); localCoord2D(Integer[2, 1], [-337948.5156153419, -100000.0], [0.9985490315530603, 0.05385008434947749], [-0.053850084349471555, 0.9985490315529503]) localCoord2D(Integer[2, 2], [-337948.5156153419, -99900.0], [0.9985490777549406, 0.05384922761523981], [-0.05384922761523388, 0.9985490777548306]) … localCoord2D(Integer[2, 1100], [-337948.5156153419, 9900.0], [0.9985985072412428, 0.05292467605533316], [-0.05292467605532753, 0.9985985072411365]) localCoord2D(Integer[2, 1101], [-337948.5156153419, 10000.0], [0.9985985511019158, 0.05292384847264048], [-0.05292384847263485, 0.9985985511018095]); … ; localCoord2D(Integer[6760, 1], [337851.4843846581, -100000.0], [0.9985503773241098, -0.053825123742340275], [0.05382512374233435, 0.9985503773239998]) localCoord2D(Integer[6760, 2], [337851.4843846581, -99900.0], [0.9985504234832312, -0.05382426740290806], [0.053824267402902144, 0.9985504234831214]) … localCoord2D(Integer[6760, 1100], [337851.4843846581, 9900.0], [0.9985998072201637, -0.052900141964384965], [0.05290014196437934, 0.9985998072200575]) localCoord2D(Integer[6760, 1101], [337851.4843846581, 10000.0], [0.9985998510402384, -0.052899314763178024], [0.05289931476317241, 0.9985998510401324]); localCoord2D(Integer[6761, 1], [337951.4843846581, -100000.0], [0.9985495208454287, -0.05384101057154341], [0.05384101057153748, 0.9985495208453187]) localCoord2D(Integer[6761, 2], [337951.4843846581, -99900.0], [0.9985495670317628, -0.05384015398082668], [0.05384015398082076, 0.998549567031653]) … localCoord2D(Integer[6761, 1100], [337951.4843846581, 9900.0], [0.9985989798846343, -0.052915757325848085], [0.05291575732584246, 0.9985989798845281]) localCoord2D(Integer[6761, 1101], [337951.4843846581, 10000.0], [0.9985990237305467, -0.052914929881834286], [0.05291492988182866, 0.9985990237304404])], [6.281185372972547e6 6.281285286675124e6 … 6.390993272417222e6 6.391093191068348e6; 6.281179652159983e6 6.281279565948223e6 … 6.390987644136213e6 6.391087562870086e6; … ; 6.278915064456225e6 6.279014978262279e6 … 6.3887230766847115e6 6.3888229954376025e6; 6.278920117016288e6 6.2790200307366215e6 … 6.388728036653093e6 6.38882795532318e6])"
      ]
     },
     "metadata": {},
     "output_type": "display_data"
    }
   ],
   "source": [
    "# make a box/rectangle\n",
    "\n",
    "allGridsInGeoPoints, allGridsInCartesian, effectiveRadii=constructLocalBox(p1,p2,Δx,Δz,altMin,altMax)\n",
    "#allGridsInGeoPoints, allGridsInCartesian, effectiveRadii=lazyProduceOrLoad(\"boxGrids\",constructLocalBox,p1,p2,Δx,Δz,altMin,altMax) <- don't do this, it's too heavy\n"
   ]
  },
  {
   "cell_type": "code",
   "execution_count": 6,
   "id": "51a006df",
   "metadata": {},
   "outputs": [
    {
     "data": {
      "text/plain": [
       "localCoord2D(Integer[20, 30], [-336148.5156153419, -97100.0], [0.9985657371009425, 0.05353941247391099], [-0.053539412473905104, 0.9985657371008327])"
      ]
     },
     "metadata": {},
     "output_type": "display_data"
    }
   ],
   "source": [
    "allGridsInCartesian[20,30]"
   ]
  },
  {
   "cell_type": "code",
   "execution_count": 7,
   "id": "256cd8eb",
   "metadata": {},
   "outputs": [
    {
     "name": "stdout",
     "output_type": "stream",
     "text": [
      "Loading from ./tmp/seismicModel.jld2\n"
     ]
    },
    {
     "data": {
      "text/plain": [
       "(ρ = [3.373638950281932 3.3736498088987372 … 0.0 0.0; 3.373638328544274 3.373649187170389 … 0.0 0.0; … ; 3.3733922132521563 3.3734030718802077 … 0.0 0.0; 3.373392762364162 3.373403620982897 … 0.0 0.0], Vpv = [7.9479448629910285 7.948058059836924 … 0.0 0.0; 7.947938381618389 7.948051578561335 … 0.0 0.0; … ; 7.94537272567023 7.945485922633359 … 0.0 0.0; 7.9453784499487625 7.945491646814775 … 0.0 0.0], Vph = [8.142909418315625 8.142981827913417 … 0.0 0.0; 8.14290527232037 8.142977681980245 … 0.0 0.0; … ; 8.141264077163285 8.141336486836071 … 0.0 0.0; 8.141267738861655 8.141340148472317 … 0.0 0.0], Vsv = [4.411092184829838 4.411069165942278 … 0.0 0.0; 4.411093502834654 4.411070483927359 … 0.0 0.0; … ; 4.411615235974125 4.411592217062726 … 0.0 0.0; 4.411614071926462 4.411591053034812 … 0.0 0.0], Vsh = [4.553096623529719 4.553186290236021 … 0.0 0.0; 4.553091489434927 4.553181156218107 … 0.0 0.0; … ; 4.551059154376851 4.551148821176018 … 0.0 0.0; 4.551063688754094 4.551153355476332 … 0.0 0.0], Qμ = [80.0 80.0 … 0.0 0.0; 80.0 80.0 … 0.0 0.0; … ; 80.0 80.0 … 0.0 0.0; 80.0 80.0 … 0.0 0.0], Qκ = [57823.0 57823.0 … 0.0 0.0; 57823.0 57823.0 … 0.0 0.0; … ; 57823.0 57823.0 … 0.0 0.0; 57822.99999999999 57823.0 … 0.0 0.0], QμPower = [0.0 0.0 … 0.0 0.0; 0.0 0.0 … 0.0 0.0; … ; 0.0 0.0 … 0.0 0.0; 0.0 0.0 … 0.0 0.0], QκPower = [0.0 0.0 … 0.0 0.0; 0.0 0.0 … 0.0 0.0; … ; 0.0 0.0 … 0.0 0.0; 0.0 0.0 … 0.0 0.0], η = [0.9258305733556155 0.9257917150645707 … 0.0 0.0; 0.9258327982856689 0.9257939399613087 … 0.0 0.0; … ; 0.926713538422597 0.9266746800913085 … 0.0 0.0; 0.9267115733883284 0.9266727150903784 … 0.0 0.0])"
      ]
     },
     "metadata": {},
     "output_type": "display_data"
    }
   ],
   "source": [
    "#seismicModel=getParamsAndTopo(allGridsInGeoPoints,effectiveRadii,2.0) # this can be also GPUed\n",
    "seismicModel=lazyProduceOrLoad(\"seismicModel\",getParamsAndTopo,allGridsInGeoPoints,effectiveRadii,2.0)\n",
    "#seismicModel=lazyProduceOrLoad(\"seismicModel\") # this is the laziest way to load"
   ]
  },
  {
   "cell_type": "code",
   "execution_count": 8,
   "id": "ca47dca5",
   "metadata": {},
   "outputs": [
    {
     "data": {
      "text/plain": [
       "(6761, 1101)"
      ]
     },
     "metadata": {},
     "output_type": "display_data"
    }
   ],
   "source": [
    "Nx,Nz=size(seismicModel.ρ)"
   ]
  },
  {
   "cell_type": "code",
   "execution_count": 9,
   "id": "73f7b852",
   "metadata": {},
   "outputs": [
    {
     "data": {
      "text/plain": [
       "3.3807411230672666"
      ]
     },
     "metadata": {},
     "output_type": "display_data"
    }
   ],
   "source": [
    "maximum(seismicModel.ρ)"
   ]
  },
  {
   "cell_type": "code",
   "execution_count": 60,
   "id": "138cf808",
   "metadata": {},
   "outputs": [
    {
     "ename": "BoundsError",
     "evalue": "BoundsError: attempt to access 838×667×234 Array{localCoord3D, 3} at index [1:838, 1]",
     "output_type": "error",
     "traceback": [
      "BoundsError: attempt to access 838×667×234 Array{localCoord3D, 3} at index [1:838, 1]\n",
      "\n",
      "Stacktrace:\n",
      " [1] throw_boundserror(A::Array{localCoord3D, 3}, I::Tuple{Base.Slice{Base.OneTo{Int64}}, Int64})\n",
      "   @ Base ./essentials.jl:15\n",
      " [2] checkbounds\n",
      "   @ ./abstractarray.jl:699 [inlined]\n",
      " [3] _getindex\n",
      "   @ ./multidimensional.jl:955 [inlined]\n",
      " [4] getindex(::Array{localCoord3D, 3}, ::Function, ::Int64)\n",
      "   @ Base ./abstractarray.jl:1342\n",
      " [5] top-level scope\n",
      "   @ ~/Documents/Github/flexOPT/myNotebooks/jl_notebook_cell_df34fa98e69747e1a8f8a730347b8e2f_X14sZmlsZQ==.jl:2"
     ]
    }
   ],
   "source": [
    "using CairoMakie\n",
    "xvals = [p.xz[1] for p in allGridsInCartesian[:,1]]*1.e-3\n",
    "zvals = [p.xz[2] for p in allGridsInCartesian[1,:]]*1.e-3\n",
    "fig, ax, hm = heatmap(\n",
    "    #topo.x,topo.y,topo.z';\n",
    "    #collect((0:1:(Nx-1)).*Δx).*1.e-3,(collect(0:1:(Nz-1)).*Δz.+altMin).*1.e-3, seismicModel.ρ;\n",
    "    xvals, zvals, seismicModel.ρ;\n",
    "    colormap = :seismic,\n",
    "    #colorrange=(0,4),\n",
    "    axis = (aspect = DataAspect(), xlabel = \"horizontal\", ylabel = \"depth from p1\", title = \"density model\")\n",
    ")\n",
    "Colorbar(fig[1,2], hm, label=\"density\")\n",
    "fig"
   ]
  },
  {
   "cell_type": "markdown",
   "id": "6ac06686",
   "metadata": {},
   "source": [
    "# if you want to put some 2D/3D perturbation into it (in percent or absolute value, as you wish)\n"
   ]
  },
  {
   "cell_type": "code",
   "execution_count": 63,
   "id": "241c3cad",
   "metadata": {},
   "outputs": [
    {
     "data": {
      "text/plain": [
       "(4058, 662)"
      ]
     },
     "metadata": {},
     "output_type": "display_data"
    }
   ],
   "source": [
    "size(VpvSub)"
   ]
  },
  {
   "cell_type": "code",
   "execution_count": 65,
   "id": "9cd99787",
   "metadata": {},
   "outputs": [],
   "source": [
    "imageFilePer=\"./myPerturbation.png\"\n",
    "modelPer= read2DimageModel(imageFilePer; Ncolor=256, colorbar = [RGB(0.0, 0.0, 0.0), RGB(1.0, 1.0, 1.0)] ,values = [0.0,1.0],reverseOrNot=false,showRecoveredImage=false)\n",
    "\n",
    "# here is the size of the region to be perturbed\n",
    "nx,nz=size(seismicModel.Vpv)\n",
    "nx1,nz1 = round(Int,nx*0.2),round(Int,nz*0.2)\n",
    "nx2,nz2 = round(Int,nx*0.8),round(Int,nz*0.8)\n",
    "VpvSub = seismicModel.Vpv[nx1:nx2,nz1:nz2]\n",
    "newPer = adjustArray(VpvSub,modelPer)\n",
    "@. VpvSub = 0.8*VpvSub + 0.4*newPer*VpvSub\n",
    "\n",
    "seismicModel.Vpv[nx1:nx2,nz1:nz2]= VpvSub[1:end,1:end];"
   ]
  },
  {
   "cell_type": "code",
   "execution_count": 67,
   "id": "812ee03f",
   "metadata": {},
   "outputs": [
    {
     "ename": "BoundsError",
     "evalue": "BoundsError: attempt to access 838×667×234 Array{localCoord3D, 3} at index [1:838, 1]",
     "output_type": "error",
     "traceback": [
      "BoundsError: attempt to access 838×667×234 Array{localCoord3D, 3} at index [1:838, 1]\n",
      "\n",
      "Stacktrace:\n",
      " [1] throw_boundserror(A::Array{localCoord3D, 3}, I::Tuple{Base.Slice{Base.OneTo{Int64}}, Int64})\n",
      "   @ Base ./essentials.jl:15\n",
      " [2] checkbounds\n",
      "   @ ./abstractarray.jl:699 [inlined]\n",
      " [3] _getindex\n",
      "   @ ./multidimensional.jl:955 [inlined]\n",
      " [4] getindex(::Array{localCoord3D, 3}, ::Function, ::Int64)\n",
      "   @ Base ./abstractarray.jl:1342\n",
      " [5] top-level scope\n",
      "   @ ~/Documents/Github/flexOPT/myNotebooks/jl_notebook_cell_df34fa98e69747e1a8f8a730347b8e2f_Y110sZmlsZQ==.jl:1"
     ]
    }
   ],
   "source": [
    "size(allGridsInCartesian[:,1])"
   ]
  },
  {
   "cell_type": "code",
   "execution_count": 66,
   "id": "fe630f94",
   "metadata": {},
   "outputs": [
    {
     "ename": "BoundsError",
     "evalue": "BoundsError: attempt to access 838×667×234 Array{localCoord3D, 3} at index [1:838, 1]",
     "output_type": "error",
     "traceback": [
      "BoundsError: attempt to access 838×667×234 Array{localCoord3D, 3} at index [1:838, 1]\n",
      "\n",
      "Stacktrace:\n",
      " [1] throw_boundserror(A::Array{localCoord3D, 3}, I::Tuple{Base.Slice{Base.OneTo{Int64}}, Int64})\n",
      "   @ Base ./essentials.jl:15\n",
      " [2] checkbounds\n",
      "   @ ./abstractarray.jl:699 [inlined]\n",
      " [3] _getindex\n",
      "   @ ./multidimensional.jl:955 [inlined]\n",
      " [4] getindex(::Array{localCoord3D, 3}, ::Function, ::Int64)\n",
      "   @ Base ./abstractarray.jl:1342\n",
      " [5] top-level scope\n",
      "   @ ~/Documents/Github/flexOPT/myNotebooks/jl_notebook_cell_df34fa98e69747e1a8f8a730347b8e2f_X20sZmlsZQ==.jl:2"
     ]
    }
   ],
   "source": [
    "using CairoMakie\n",
    "xvals = [p.xz[1] for p in allGridsInCartesian[:,1]]*1.e-3\n",
    "zvals = [p.xz[2] for p in allGridsInCartesian[1,:]]*1.e-3\n",
    "fig, ax, hm = heatmap(\n",
    "    #topo.x,topo.y,topo.z';\n",
    "    #collect((0:1:(Nx-1)).*Δx).*1.e-3,(collect(0:1:(Nz-1)).*Δz.+altMin).*1.e-3, seismicModel.ρ;\n",
    "    xvals, zvals, seismicModel.Vpv;\n",
    "    colormap = :seismic,\n",
    "    #colorrange=(0,4),\n",
    "    axis = (aspect = DataAspect(), xlabel = \"horizontal\", ylabel = \"depth from p1\", title = \"Vpv model\")\n",
    ")\n",
    "Colorbar(fig[1,2], hm, label=\"Vpv\")\n",
    "fig"
   ]
  },
  {
   "cell_type": "code",
   "execution_count": 13,
   "id": "787ab2ac",
   "metadata": {},
   "outputs": [],
   "source": []
  },
  {
   "attachments": {},
   "cell_type": "markdown",
   "id": "6348885f",
   "metadata": {},
   "source": [
    "# 3D box ? yes"
   ]
  },
  {
   "cell_type": "code",
   "execution_count": 14,
   "id": "a15b5637",
   "metadata": {},
   "outputs": [
    {
     "data": {
      "text/plain": [
       "50000.0"
      ]
     },
     "metadata": {},
     "output_type": "display_data"
    }
   ],
   "source": [
    "p1 = GeoPoint(48.8566,2.3522) # Paris (latitude, longitude)\n",
    "p2 = GeoPoint(42.8,1.5) # Tarascon (à peu près)\n",
    "\n",
    "\n",
    "Δx = 500.0 # in metre\n",
    "Δy = 500.0\n",
    "Δz = 500.0\n",
    "\n",
    "altMax = 20.e3 # in metre\n",
    "altMin = -100.e3 # in metre\n",
    "\n",
    "horizontalDepth = 50.e3"
   ]
  },
  {
   "cell_type": "code",
   "execution_count": 15,
   "id": "e09c2fee",
   "metadata": {},
   "outputs": [
    {
     "data": {
      "text/plain": [
       "(GeoPoint[GeoPoint(48.9479851410827, 1.6703991150757993, -89529.29514780823, [4.1362426084025204e6, 120622.04599327437, 4.719246505379267e6], 6.276491071616251e6) GeoPoint(48.947554888586694, 1.677291090103464, -89533.41785366197, [4.1362609230618314e6, 121120.54609721422, 4.719212414036872e6], 6.2764871081788195e6) … GeoPoint(48.85426476604022, 3.0394899083581794, -89568.00029038404, [4.13988722560544e6, 219823.56667730305, 4.712462328242693e6], 6.276487061749142e6) GeoPoint(48.85375282870527, 3.0463562254783705, -89564.22685826132, [4.139905540264751e6, 220322.0667812429, 4.712428236900298e6], 6.276491024717616e6); GeoPoint(48.94345296002495, 1.6697440603572036, -89557.88504888894, [4.1365997914229995e6, 120585.12886860166, 4.718898572317045e6], 6.276464159343293e6) GeoPoint(48.943022741407525, 1.6766354477922125, -89562.00776247848, [4.136618106082311e6, 121083.62897254151, 4.71886448097465e6], 6.276460195888867e6) … GeoPoint(48.8497405224328, 3.038718729442301, -89596.58797515491, [4.140244408625919e6, 219786.64955263038, 4.712114395180471e6], 6.27646014945899e6) GeoPoint(48.84922863101911, 3.0455844674397032, -89592.8145128351, [4.14026272328523e6, 220285.14965657023, 4.712080303838076e6], 6.276464112444457e6); … ; GeoPoint(42.80462364548929, 0.877541981487111, -91852.66274108425, [4.618796869070022e6, 70747.01056044783, 4.249188938317301e6], 6.276455710889099e6) GeoPoint(42.8042339930342, 0.8837208682261448, -91856.77113190673, [4.618815183729333e6, 71245.51066438768, 4.249154846974906e6], 6.276451747429338e6) … GeoPoint(42.72052114579402, 2.1055863492847795, -91887.9456666233, [4.622441486272941e6, 169948.5312444765, 4.242404761180727e6], 6.276451700999399e6) GeoPoint(42.72006531120034, 2.111748599694107, -91884.15213052761, [4.622459800932253e6, 170447.03134841635, 4.242370669838332e6], 6.2764556639902005e6); GeoPoint(42.80007911526473, 0.8770163238265096, -91827.4528518371, [4.619154052090501e6, 70710.09343577512, 4.248841005255079e6], 6.276482610682099e6) GeoPoint(42.79968948946058, 0.8831947366027809, -91831.56121380064, [4.619172366749813e6, 71208.59353971497, 4.248806913912684e6], 6.276478647239326e6) … GeoPoint(42.71598300031935, 2.104966866544002, -91862.7329558265, [4.62279866929342e6, 169911.61411980382, 4.242056828118505e6], 6.276478600809585e6) GeoPoint(42.71552720327576, 2.1111286481869826, -91858.93942038411, [4.622816983952732e6, 170410.11422374364, 4.24202273677611e6], 6.276482563783402e6);;; GeoPoint(48.947721830949746, 1.6704187622490623, -89030.13145831012, [4.1365920148465587e6, 120633.65513957659, 4.719603969174058e6], 6.276990329918326e6) GeoPoint(48.947291611288016, 1.6773101549102554, -89034.25383694001, [4.13661032950587e6, 121132.15524351642, 4.719569877831663e6], 6.276986366796138e6) … GeoPoint(48.85400934899873, 3.0393940826595536, -89068.83339779872, [4.140236632049478e6, 219835.17582360527, 4.712819792037484e6], 6.276986320370153e6) GeoPoint(48.85349745819207, 3.0462598219624897, -89065.06026386144, [4.140254946708789e6, 220333.67592754512, 4.712785700695089e6], 6.276990283023421e6); GeoPoint(48.943190008678, 1.6697637611731269, -89058.71908788542, [4.136949197867038e6, 120596.73801490388, 4.719256036111836e6], 6.2769634197859205e6) GeoPoint(48.942759822889634, 1.6766545663410113, -89062.84147425102, [4.136967512526349e6, 121095.23811884371, 4.719221944769441e6], 6.276959456646742e6) … GeoPoint(48.849485462847355, 3.0386229769494615, -89097.41881139147, [4.1405938150699576e6, 219798.25869893256, 4.712471858975262e6], 6.27695941022056e6) GeoPoint(48.84897361795379, 3.045488137226757, -89093.64564725931, [4.1406121297292686e6, 220296.7588028724, 4.712437767632867e6], 6.276963372890815e6); … ; GeoPoint(42.80484966076133, 0.8776195776843047, -91353.31469347232, [4.619146275514061e6, 70758.61970675003, 4.249546402112092e6], 6.276954972003706e6) GeoPoint(42.804460035310306, 0.8837979964710441, -91357.4227591017, [4.619164590173372e6, 71257.11981068988, 4.249512310769697e6], 6.276951008859194e6) … GeoPoint(42.72075352644935, 2.1055710368806113, -91388.5949561845, [4.62279089271698e6, 169960.14039077872, 4.242762224975518e6], 6.276950962432948e6) GeoPoint(42.720297728853595, 2.111732821711467, -91384.80172167852, [4.622809207376291e6, 170458.64049471857, 4.242728133633123e6], 6.276954925108537e6); GeoPoint(42.80030549188961, 0.8770939538050094, -91328.10681065796, [4.61950345853454e6, 70721.70258207733, 4.24919846904987e6], 6.276981869657139e6) GeoPoint(42.799915893086016, 0.8832718987009248, -91332.2148474331, [4.619521773193851e6, 71220.20268601718, 4.249164377707475e6], 6.27697790652961e6) … GeoPoint(42.716215741368885, 2.1049516021297334, -91363.38425228416, [4.62314807573746e6, 169923.223266106, 4.242414291913296e6], 6.276977860103563e6) GeoPoint(42.71575998131714, 2.111112918265034, -91359.59101843205, [4.62316639039677e6, 170421.72337004586, 4.242380200570901e6], 6.276981822762172e6);;; GeoPoint(48.94745856263771, 1.670438406103128, -88530.96763582241, [4.1369414212905974e6, 120645.26428587877, 4.719961432968849e6], 6.2774895883384645e6) GeoPoint(48.94702837580531, 1.6773292164962592, -88535.08968728292, [4.1369597359499084e6, 121143.76438981862, 4.719927341626454e6], 6.27748562553147e6) … GeoPoint(48.85375397244967, 3.0392982731165605, -88569.66637275339, [4.140586038493517e6, 219846.7849699075, 4.713177255832275e6], 6.277485579109178e6) GeoPoint(48.85324212816291, 3.0461634346994426, -88565.89353695193, [4.140604353152828e6, 220345.28507384734, 4.71314316448988e6], 6.27748954144729e6); GeoPoint(48.942927099095414, 1.6697834586610767, -88559.55299425706, [4.1372986043110765e6, 120608.34716120607, 4.719613499906627e6], 6.277462680346274e6) GeoPoint(48.94249694613113, 1.676673681660221, -88563.67505344907, [4.137316918970388e6, 121106.84726514592, 4.719579408564232e6], 6.277458717522293e6) … GeoPoint(48.849230443698104, 3.038527240598535, -88598.24951552603, [4.140943221513996e6, 219809.86784523475, 4.7128293227700535e6], 6.2774586710998025e6) GeoPoint(48.84871864531629, 3.0453918232529, -88594.47664953746, [4.1409615361733073e6, 220308.3679491746, 4.712795231427658e6], 6.277462633454897e6); … ; GeoPoint(42.80507563999496, 0.8776971621399366, -90853.9665420398, [4.619495681958099e6, 70770.22885305223, 4.249903865906883e6], 6.27745423323593e6) GeoPoint(42.80468604154432, 0.8838751130452339, -90858.0742825287, [4.61951399661741e6, 71268.72895699208, 4.249869774564488e6], 6.277450270406618e6) … GeoPoint(42.72098587010212, 2.105555726790696, -90889.24414232318, [4.623140299161019e6, 169971.74953708093, 4.243119688770309e6], 6.2774502239840645e6) GeoPoint(42.720530109498306, 2.111717046113424, -90885.45120935971, [4.623158613820329e6, 170470.24964102075, 4.243085597427914e6], 6.277454186344491e6); GeoPoint(42.80053183241879, 0.8771715720377445, -90828.76066533485, [4.619852864978578e6, 70733.31172837953, 4.249555932844661e6], 6.277481128750137e6) GeoPoint(42.80014226061202, 0.8833490491241397, -90832.86837697563, [4.619871179637889e6, 71231.81183231938, 4.249521841502266e6], 6.277477165937803e6) … GeoPoint(42.71644844535876, 2.104936340022288, -90864.0354450033, [4.623497482181498e6, 169934.8324124082, 4.242771755708087e6], 6.277477119515448e6) GeoPoint(42.71599272229285, 2.1110971907202383, -90860.24251269155, [4.623515796840809e6, 170433.33251634805, 4.242737664365692e6], 6.277481081858899e6);;; … ;;; GeoPoint(48.88647513605969, 1.6749833606547373, 29275.344631099048, [4.2194013420836795e6, 123385.02281319846, 4.804322888539569e6], 6.395317815932008e6) GeoPoint(48.88605256064351, 1.6817394536358488, 29271.298368976342, [4.21941965674299e6, 123883.5229171383, 4.804288797197175e6], 6.395313926136369e6) … GeoPoint(48.79459657869402, 3.0171301427981354, 29237.387226917956, [4.2230459592865985e6, 222586.54349722713, 4.7975387114029955e6], 6.395313880569368e6) GeoPoint(48.794095483178076, 3.0238616274707417, 29241.09099364062, [4.22306427394591e6, 223085.04360116698, 4.797504620060601e6], 6.395317769904763e6); GeoPoint(48.88202677943804, 1.6743408300619413, 29247.28537498863, [4.219758525104159e6, 123348.10568852576, 4.803974955477348e6], 6.395291403698486e6) GeoPoint(48.88160423668998, 1.6810963584029825, 29243.239105779754, [4.21977683976347e6, 123846.60579246559, 4.803940864134952e6], 6.395287513886781e6) … GeoPoint(48.7901558521768, 3.0163760082385265, 29209.330112161533, [4.223403142307078e6, 222549.62637255446, 4.797190778340774e6], 6.395287468319592e6) GeoPoint(48.789654800702884, 3.023106936238337, 29213.033907665984, [4.223421456966389e6, 223048.1264764943, 4.7971566869983785e6], 6.39529135767105e6); … ; GeoPoint(42.85741764737765, 0.8956845375789565, 26995.046686837795, [4.701955602751181e6, 73509.98738037191, 4.334265321477603e6], 6.395283112220384e6) GeoPoint(42.85703431870308, 0.9017540148452503, 26991.01426849002, [4.701973917410492e6, 74008.48748431176, 4.334231230135209e6], 6.395279222403635e6) … GeoPoint(42.774803393985394, 2.102006122352487, 26960.38643503272, [4.7056002199541e6, 172711.5080644006, 4.327481144341029e6], 6.395279176836387e6) GeoPoint(42.77435619946396, 2.1080595142951575, 26964.109518767666, [4.705618534613412e6, 173210.00816834043, 4.327447052998635e6], 6.395283066192889e6); GeoPoint(42.85295753181966, 0.8951668029638619, 27019.787877332317, [4.7023127857716605e6, 73473.0702556992, 4.333917388415381e6], 6.395309512204521e6) GeoPoint(42.85257422897194, 0.9012358229377682, 27015.755486499147, [4.702331100430972e6, 73971.57035963905, 4.333883297072986e6], 6.39530562240383e6) … GeoPoint(42.770349440965404, 2.1013978554113586, 26985.130338926345, [4.7059574029745795e6, 172674.5909397279, 4.327133211278807e6], 6.39530557683677e6) GeoPoint(42.76990228258345, 2.107450794994467, 26988.853422271713, [4.705975717633891e6, 173173.09104366772, 4.327099119936412e6], 6.395309466177216e6);;; GeoPoint(48.8862215055597, 1.6750022409639886, 29774.539100156588, [4.219750748527718e6, 123396.63195950066, 4.804680352334361e6], 6.39581710155841e6) GeoPoint(48.88579896182782, 1.68175777431482, 29770.493153258125, [4.219769063187029e6, 123895.1320634405, 4.804646260991966e6], 6.395813212066425e6) … GeoPoint(48.7943505343145, 3.0170380499186558, 29736.58477707168, [4.223395365730637e6, 222598.15264352935, 4.797896175197787e6], 6.3958131665029805e6) GeoPoint(48.79384948339033, 3.0237689792345863, 29740.288256498447, [4.223413680389948e6, 223096.6527474692, 4.797862083855392e6], 6.395817055534758e6); GeoPoint(48.881773494625335, 1.6743597619843076, 29746.48203217178, [4.220107931548197e6, 123359.71483482796, 4.804332419272139e6], 6.39579069138675e6) GeoPoint(48.881350983556636, 1.681114730788653, 29742.436078192615, [4.220126246207508e6, 123858.2149387678, 4.8042983279297445e6], 6.395786801878705e6) … GeoPoint(48.789910152231094, 3.0162839854043737, 29708.529850136267, [4.223752548751117e6, 222561.23551885664, 4.797548242135565e6], 6.395786756315073e6) GeoPoint(48.789409145341295, 3.023014358139067, 29712.233358337468, [4.223770863410427e6, 223059.7356227965, 4.797514150793171e6], 6.395790645362909e6); … ; GeoPoint(42.857635322474295, 0.8957594126832267, 27494.41876202841, [4.70230500919522e6, 73521.59652667411, 4.334622785272394e6], 6.395782400555924e6) GeoPoint(42.85725201993997, 0.9018284384169001, 27490.386656972558, [4.702323323854531e6, 74020.09663061396, 4.33458869393e6], 6.395778511042836e6) … GeoPoint(42.775027211028856, 2.101991346289045, 27459.761080371954, [4.705949626398139e6, 172723.1172107028, 4.32783860813582e6], 6.395778465479144e6) GeoPoint(42.77458005212246, 2.108044288956386, 27463.483873604848, [4.70596794105745e6, 173221.61731464264, 4.327804516793426e6], 6.395782354532022e6); GeoPoint(42.853175554998465, 0.8952417108698009, 27519.158019927017, [4.702662192215699e6, 73484.6794020014, 4.334274852210172e6], 6.395808798479148e6) GeoPoint(42.852792278287644, 0.9013102793792653, 27515.1259423795, [4.70268050687501e6, 73983.17950594125, 4.334240760867777e6], 6.395804908982114e6) … GeoPoint(42.77057360518199, 2.1013831256169038, 27484.503051231415, [4.706306809418619e6, 172686.2000860301, 4.3274906750735985e6], 6.395804863418611e6) GeoPoint(42.77012648240931, 2.107435615991791, 27488.225844073844, [4.706325124077929e6, 173184.70018996994, 4.327456583731203e6], 6.395808752455436e6);;; GeoPoint(48.88596791459907, 1.675021118146457, 30273.73369493562, [4.220100154971756e6, 123408.24110580287, 4.805037816129152e6], 6.396316387296416e6) GeoPoint(48.885545402546775, 1.6817760919597113, 30269.68806321188, [4.2201184696310675e6, 123906.7412097427, 4.8050037247867575e6], 6.396312498108039e6) … GeoPoint(48.794104528222526, 3.016945972260218, 30235.782452450603, [4.223744772174676e6, 222609.76178983157, 4.798253638992578e6], 6.396312452548151e6) GeoPoint(48.79360352188222, 3.023676346311067, 30239.485644626497, [4.223763086833986e6, 223108.2618937714, 4.798219547650184e6], 6.396316341276356e6); GeoPoint(48.88152024929846, 1.6743786907716076, 30245.678814735522, [4.220457337992235e6, 123371.32398113016, 4.80468988306693e6], 6.396289979186298e6) GeoPoint(48.88109776990441, 1.6811331001319367, 30241.63317593302, [4.2204756526515465e6, 123869.82408507, 4.804655791724536e6], 6.396286089981864e6) … GeoPoint(48.78966449051975, 3.0161919777784165, 30207.729712992303, [4.224101955195155e6, 222572.84466515883, 4.797905705930356e6], 6.396286044421789e6) GeoPoint(48.78916352820615, 3.0229217953395615, 30211.432933940938, [4.224120269854466e6, 223071.34476909868, 4.797871614587962e6], 6.39628993316605e6); … ; GeoPoint(42.85785296350736, 0.8958342766580218, 27993.79093535581, [4.702654415639258e6, 73533.20567297631, 4.334980249067185e6], 6.396281689002646e6) GeoPoint(42.85746968710979, 0.901902850926233, 27989.75914354506, [4.702672730298569e6, 74031.70577691616, 4.334946157724791e6], 6.396277799793171e6) … GeoPoint(42.77525099309493, 2.1019765724193404, 27959.13582347514, [4.706299032842178e6, 172734.726357005, 4.3281960719306115e6], 6.396277754233037e6) GeoPoint(42.774803869797935, 2.108029065878035, 27962.85832624686, [4.706317347501488e6, 173233.22646094483, 4.328161980588217e6], 6.396281642982338e6); GeoPoint(42.85339354405952, 0.8953166076422354, 28018.528260962332, [4.703011598659737e6, 73496.28854830361, 4.334632316004964e6], 6.3963080848652795e6) GeoPoint(42.853010293482036, 0.9013847247543996, 28014.496496653668, [4.7030299133190485e6, 73994.78865224346, 4.334598224662568e6], 6.396304195671854e6) … GeoPoint(42.7707977343672, 2.1013683980091535, 27983.875861597466, [4.706656215862657e6, 172697.8092323323, 4.32784813886839e6], 6.396304150111908e6) GeoPoint(42.77035064719814, 2.107420439242488, 27987.598363982088, [4.706674530521967e6, 173196.30933627213, 4.3278140475259945e6], 6.39630803884516e6)], localCoord3D[localCoord3D(Integer[1, 1, 1], [-338048.5156153419, -50000.0, -100000.0], [0.9985481746795687, -0.0, 0.05386597111443792], [-0.00042913422233030446, 0.9999682653138717, 0.007955137270060393], [-0.053864261694751614, -0.007966703531968475, 0.9985164860666613]) localCoord3D(Integer[1, 2, 1], [-338048.5156153419, -49500.0, -100000.0], [0.9985481746795689, -0.0, 0.05386597111443792], [-0.0004248434010083765, 0.9999688967676745, 0.007875595553643833], [-0.053864295708623895, -0.007887046166972453, 0.9985171166037033]) … localCoord3D(Integer[1, 200, 1], [-338048.5156153419, 49500.0, -100000.0], [0.9985481746795687, -0.0, 0.05386597111443794], [0.00042479287930889356, 0.9999689041648432, -0.007874659000384756], [-0.05386429610707961, 0.007886108252024708, 0.9985171239901328]) localCoord3D(Integer[1, 201, 1], [-338048.5156153419, 50000.0, -100000.0], [0.9985481746795687, -0.0, 0.053865971114437985], [0.0004290837007265255, 0.9999682727857453, -0.007954200718575437], [-0.0538642620972314, 0.007965765618797426, 0.9985164935276869]); localCoord3D(Integer[2, 1, 1], [-337548.5156153419, -50000.0, -100000.0], [0.9985524565341407, -0.0, 0.05378653688083228], [-0.000428503230672563, 0.9999682650417224, 0.007955205492573485], [-0.05378482996732847, -0.007966737691663268, 0.9985207675135945]) localCoord3D(Integer[2, 2, 1], [-337548.5156153419, -49500.0, -100000.0], [0.9985524565341406, -0.0, 0.05378653688083227], [-0.00042421871850358505, 0.9999688965009401, 0.007875663094057251], [-0.05378486393133297, -0.007887079985154472, 0.9985213980587476]) … localCoord3D(Integer[2, 200, 1], [-337548.5156153419, 49500.0, -100000.0], [0.9985524565341406, -0.0, 0.053786536880832236], [0.00042416827109037557, 0.9999689038981722, -0.007874726532766878], [-0.05378486432920443, 0.007886142066185623, 0.9985214054452719]) localCoord3D(Integer[2, 201, 1], [-337548.5156153419, 50000.0, -100000.0], [0.9985524565341407, -0.0, 0.05378653688083226], [0.0004284527833549173, 0.9999682725136598, -0.007954268933057262], [-0.05378483036921808, 0.00796579977447114, 0.998520774974716]); … ; localCoord3D(Integer[1352, 1, 1], [337451.4843846581, -50000.0, -100000.0], [0.9985538007259188, 0.0, -0.053761576016912165], [0.0004283049505383707, 0.999968264956287, 0.007955226909554821], [0.05375986989094718, -0.007966748415329858, 0.9985221115774028]) localCoord3D(Integer[1352, 2, 1], [337451.4843846581, -49500.0, -100000.0], [0.9985538007259188, 0.0, -0.05376157601691205], [0.0004240224209307729, 0.9999688964172045, 0.007875684296908162], [0.053759903839281184, -0.007887090601610825, 0.9985227421251021]) … localCoord3D(Integer[1352, 200, 1], [337451.4843846581, 49500.0, -100000.0], [0.9985538007259189, 0.0, -0.053761576016912074], [-0.00042397199686096594, 0.9999689038144567, -0.007874747733096526], [0.05375990423696914, 0.007886152681379632, 0.9985227495116563]) localCoord3D(Integer[1352, 201, 1], [337451.4843846581, 50000.0, -100000.0], [0.9985538007259188, 0.0, -0.05376157601691212], [-0.00042825452656408344, 0.9999682724282446, -0.007954290347517353], [0.05375987029265135, 0.007965810496875402, 0.9985221190385545]); localCoord3D(Integer[1353, 1, 1], [337951.4843846581, -50000.0, -100000.0], [0.9985495208454285, 0.0, -0.053841010571543384], [0.0004289359473060448, 0.9999682652283113, 0.007955158718402805], [0.05383930193936542, -0.007966714271383875, 0.9985178321043647]) localCoord3D(Integer[1353, 2, 1], [337951.4843846581, -49500.0, -100000.0], [0.9985495208454287, 0.0, -0.05384101057154338], [0.0004246471084944074, 0.9999688966838164, 0.00787561678754226], [0.05383933593756792, -0.00788705679902016, 0.9985184626439567]) … localCoord3D(Integer[1353, 200, 1], [337951.4843846581, 49500.0, -100000.0], [0.9985495208454285, 0.0, -0.053841010571543266], [-0.0004245966101377244, 0.9999689040810051, -0.007874680231758236], [0.053839336335839934, 0.00788611888280822, 0.9985184700304159]) localCoord3D(Integer[1353, 201, 1], [337951.4843846581, 50000.0, -100000.0], [0.9985495208454285, 0.0, -0.05384101057154344], [-0.0004288854490450227, 0.9999682727002048, -0.007954222164392911], [0.053839302341659755, 0.007965776356948642, 0.9985178395654202]);;; localCoord3D(Integer[1, 1, 2], [-338048.5156153419, -50000.0, -99500.0], [0.998548405803034, -0.0, 0.05386168645911334], [-0.00042906595805408714, 0.9999682703619684, 0.007954506376707929], [-0.0538599774472982, -0.007966069877514755, 0.9985167222235604]) localCoord3D(Integer[1, 2, 2], [-338048.5156153419, -49500.0, -99500.0], [0.9985484058030338, -0.0, 0.05386168645911329], [-0.0004247758192493911, 0.9999689017153294, 0.007874970967668062], [-0.05386001145305493, -0.007886418847501941, 0.9985173526604526]) … localCoord3D(Integer[1, 200, 2], [-338048.5156153419, 49500.0, -99500.0], [0.9985484058030338, -0.0, 0.05386168645911339], [0.00042472530558612393, 0.9999689091113214, -0.007874034488674487], [-0.053860011851415646, 0.007885481007144745, 0.9985173600457087]) localCoord3D(Integer[1, 201, 2], [-338048.5156153419, 50000.0, -99500.0], [0.9985484058030338, -0.0, 0.05386168645911331], [0.0004290154444864919, 0.9999682778326532, -0.007953569899488045], [-0.05385997784968187, 0.007965132038933833, 0.9985167296834011]); localCoord3D(Integer[2, 1, 2], [-337548.5156153419, -50000.0, -99500.0], [0.998552686977437, -0.0, 0.05378225850724917], [-0.0004284350661865007, 0.9999682700899056, 0.007954574582958843], [-0.05378055200102207, -0.007966104029059192, 0.9985210029904548]) localCoord3D(Integer[2, 2, 2], [-337548.5156153419, -49500.0, -99500.0], [0.9985526869774372, -0.0, 0.053782258507249124], [-0.00042415123553703584, 0.9999689014486797, 0.007875038491981883], [-0.05378058595692282, -0.007886452657615077, 0.9985216334354552]) … localCoord3D(Integer[2, 200, 2], [-337548.5156153419, 49500.0, -99500.0], [0.998552686977437, -0.0, 0.05378225850724909], [0.0004241007961482943, 0.9999689088447